14 1022
11000110010111
10111111110101
11010001011101
01110001000011
11000110011011
10110001101001
00000010100000
00101001111111
10000000010010
01110110011011
01010101101010
01000101100110
10110011101110
01001101011111
01101101100011
11000101101010
01000111011010
11001001111000
01010010101011
10111111011111
01001110100100
01011000100010
01010011011111
01011011101100
01000100100010
00101010100110
11011011111110
01011100010000
00100100111100
00000010010110
01001010010111
10111111001110
01010101010010
11011000010011
01000011001000
10111011011111
11000001011101
10110100110000
10111100000110
10110010010110
01111101101111
00111010111111
01101111111000
10110001100001
01011110011000
01110110101101
01010001011011
11011110100001
01110101001111
00111110111000
10110011111011
01100101011101
10011011110110
01000011010010
11010101011110
01011100000110
10110010000110
00000101111101
10111101010010
00101010001101
10110011010101
10001000110110
11001110011001
10100110101001
10111011010110
10110110101010
11001110100100
11001110000010
11000101101101
10111111001111
10110000000110
10110000111101
10110011101100
11001110000001
10000000010001
01011001100001
10100110111110
00111101001010
01100010100110
01110110100011
10001101001000
10101101001001
01101001000001
01000101100101
10110110010100
10110010110000
10001001000010
10111111000110
01011100110010
10111010110001
10100010100101
01010010011011
11001111010010
01110011101010
00111110111111
11001110111010
01000110010100
11011101111010
10110001001010
10111000101000
01010001010000
01110100000010
01100001111100
01000110011000
01101001010110
11000010101011
01011100001000
00101001100000
01100101011100
01110111100100
01111011101110
11000111000000
00111010001111
01111101101011
01100001111111
00110001100001
11011101101011
01000111010001
01010100110001
10110011101101
01110001110111
01011100000000
11011101110010
00100000101000
11011100010111
11000101000101
11011000000000
01000011001001
00011111001111
10111011000110
01100001001111
00111100000110
01010010010011
00101101011001
01101011000010
01011011111111
00000001001010
10111010100010
11011011111000
01000001011001
10000100110011
01100100001101
01011000011001
00011011001001
01010001110011
01000110001110
10110011011100
10110011001001
01001010110000
01001101101010
11001110010000
00011111100010
01110001110011
11011000100011
01001101000100
01011111001110
01011111111000
01110111010101
11001111000011
01010010010010
10111000001110
01101001001111
01101001101111
00101010110011
01111000101101
01110011100011
01001110000010
10100100100101
01011111001111
10101011001001
01111100001000
11010101011100
01110111101001
01011100110100
00011011111010
00111011010000
01110011000110
10111111011100
01011110011110
10101011010000
10111010001100
10111010111100
01001101110110
01000001101010
11000101101100
01111010110011
11011001110011
01111100111011
01011011100000
01011011010000
01111000001010
10101101010111
01000010111011
11010101011010
10110100111000
00011011111011
10101111100110
10100110110001
11000001001100
10110110101001
11011001011110
10011000000001
00000101010010
01101111011110
11001111101110
10111101010000
11000001110100
01011101001001
01101001000000
00101110110010
00100101011111
01001111100000
00100100000001
01000000110000
11001111000110
11011001011000
01010111010110
01111000000110
01001101000101
01111011111010
01000110000010
10111110001000
01111011100100
01000010011010
10111010001101
10100110100101
10110001100101
11010001010011
10111011001101
01110110100000
10110101011110
01111010101111
11001110001000
10010101101000
01010010000001
11000101100010
00100101110000
00011000010011
01100100001011
11000101101011
01111010100111
00000101000011
01000001001110
00000001101101
01111010110110
01111011100011
00101011111010
10111010100000
11001110011010
01101001010101
10000100110110
10101110010100
10110011110011
11010011101100
10101100111110
10111011010011
11000001100100
00001110110010
10011011100110
10101110011110
10101101101011
00110110010100
01111001010000
01111000001111
11001110111001
01011010101101
01101010011100
01111001111110
11011010000100
00110110100100
00000010001111
01010010000000
01001101001110
01010100000001
10111011000001
11001111000100
01000001010110
01111101101110
10110110010110
10011110001001
00110010010011
10110011101010
01101111101111
01000011010000
11010101011001
10111100000101
01110000100000
00000010100101
11001101100000
01011100000101
01010010000010
10111111001100
01011101001010
10111010110101
10101101101100
01001101101000
01101000101011
01000101100000
10110010110001
11001100000000
10110011111000
10110010110010
01101000110001
01000010000011
10011110111100
01010100010101
11001101101010
01001000100010
01010011101000
11011101100011
10110100111001
01101110000100
01111010110100
10110011101000
01010100110000
11001011001100
00111011001101
00100100001110
00101111000100
01000001111110
01110001111110
10111111000100
01111010110101
11011110010011
00110110101000
11000001100000
10111100110000
01010000110111
11011010111011
10110011011110
00111101100011
11011001001100
01011111010111
01010000110000
01000001001011
00011111000100
00110001011110
10100110100011
01000110100100
11010000101111
10110011010011
10010000100001
11000111010111
11001100101100
10111111000010
11011000011001
01100100001111
10111000011011
10101101010101
01001011010110
11000010010010
10110000111001
01010011011010
01001101111111
01111011110101
01000111000111
10111111111001
11001100110010
10100110100001
01010000011011
01011001100110
00000010100111
01100010000010
01111000110101
00100101011001
01110010000110
10111011000011
10100010100110
01011001110000
10110000001010
01011100000011
01011000010110
01110100011100
01101001010111
01110011100010
11000010010100
01000011011000
10001010101001
11001111001010
01011101001110
11001100000001
00100101011010
01011100011011
11011100010110
10110000001001
01111101001001
10110110001110
00111110100111
10000101110010
01110000011001
01011110001000
10110100101011
11001110100010
11010011011010
11000010110010
10111111111101
10100110101111
01101001110011
10110010011100
11011010101111
11001100010000
01011111001101
00100101110001
10111111000011
00011011010000
01110100010100
00000001010001
10110011101011
10110010000111
10000011010100
00101111000010
01101101100001
10111111000101
01101000001000
00111100001100
10110010101111
01110101000001
11011101110100
01100100001100
01101110111001
01000000110101
10110100100100
11011111100001
11001100110101
01110010001110
01000000000000
10110001101011
11011111011011
10110100010010
01010111010000
11011110100000
11000101011010
10101011010001
10110001101100
01111100000110
10000110011010
10101100110100
01011100011010
01111101011000
11011010110011
10110011010110
00000101001100
00111101110111
10010000011010
01010101000001
10111100100101
01101011111000
10110100101000
10110010101101
01110001000110
10111011011100
11001110011100
01110110110100
01111010000001
01111100010111
01001110000101
11011110000111
11010101010000
01000100000100
01111001110011
10110010011101
01001101101001
11001110111100
01111010110000
01101110010001
10101111011000
10101101101010
01010110000000
11000101100001
01101001101110
00111100110111
01111011101010
10111000010110
10110100101010
01001101110101
00010111010001
10000111011101
11000101000100
10111011101100
01110110010001
01010010000011
01000110010001
01111001001010
10101101100100
01100000000011
10110101101010
01111101101101
00111010110000
01110000011100
11011000001111
01111010100001
01001101011101
01010001011010
01101001000011
01001010001101
11001100101101
01001100010100
01000100101001
10111111111110
10101101010110
01111011001101
01111011111000
00100101110101
00111101111000
10110111101011
00101101001100
00111100111011
01101001101010
00011011010001
10110011011001
01010001010001
10000100010010
01011110101001
10111101011010
10111110101111
01100101000001
10110101000101
10110000000101
10111011011000
00111010001000
01011110001001
10110001000110
00100101001101
10101011111110
11001101111000
00010111010000
01110111000001
10111010111001
01010111010001
10010000100010
00110010000110
01101101001100
01110100110100
10110110111001
00100111011110
10101011111101
11010001111111
11010011110101
10001111000001
01011110001110
01010001010011
11000101100100
01001100101110
10110101000111
11000001001111
10010011100101
10000011010011
11010001111101
00011000001011
01100000000101
11010011100010
11001101101000
11000001110101
11011010010110
01101101100000
11011011111101
10101101001000
10101001000001
01011001111100
10110100101001
11010011110100
10100110110000
01010010000101
11001100111100
10111100110001
00000010011000
00111010001011
01011100000001
01111100001001
10100110100110
01101110100110
01001010000010
01011110111000
00011111100111
11011100011101
01101110001001
01110001111111
01111001001111
01101001101101
00000001110001
01010110000100
00000010001101
11011010001101
01111000101110
10110001000111
10110011110001
01010010010001
10111111101010
11010000100110
01110110101011
00111010100101
10110111010111
10010101010111
00001101000101
11001010011100
10110011100001
01101001101011
00111011001011
01010001111100
01111101000110
01100001011001
11001110000100
00110110100111
00101110000110
00100101111100
00011000101110
10110110111000
01101000100001
01100010011000
10001000110101
00101111000101
01100001111110
10001111100011
00111010101111
00000001000011
00000010010111
01001010001110
01110001100001
11000111111011
10110011111101
10001011011011
10110011100000
11000001000011
10111011011101
01110110100001
10110110000110
10101101110110
11001111110101
01010101010011
10011010001001
10111100110111
01010000011110
11000110100000
01110111010000
10111101010100
01000000111100
01011111001100
10101110011000
01010011010011
11011000001000
01000011100100
11010010000111
00010111111100
00011111101111
11000101111000
01001000101110
00101001100001
10011000001100
00101001100011
01011101001000
00100100001000
01010010000111
00111010001001
11001111011110
00111011101100
01011001111000
10111101010111
01011011010001
00011111001110
00000001001101
10110001110101
10101110011001
10101101000001
01001101110100
10110001001111
01001110000100
01010000001100
01010100110110
01011101001011
01101001110001
11011111000100
10110011011101
11000110010011
01010011011110
00111010110011
11000110011111
00000001011100
01010111010101
10111110100001
01110101011111
01010001111101
00010111011000
01010001110101
01110101011101
10011110000010
01010101101001
10111111101011
00000010010100
10111111011110
10010100001100
10111000000100
11000010011110
01010111010111
10111010111101
10111011010001
00100101000101
10011110111011
01111011111101
10111111001000
01011100000010
01110101001010
10110001011101
01101111111011
10110011100100
01100101110011
00101010001110
10111010100001
01111000110110
00110001111000
01101011000100
10111100001111
01100100001110
00000010011001
01001110000011
10001111000011
10110001011000
10101110011011
01000001000111
00010111010101
10111000010101
01111100100010
11000100110100
10110011010111
01001010010011
11000110011110
11011101011111
00101010111101
11001111010011
11001101111001
01011111010110
10101000001110
10110011111001
01011110001111
11010000100011
11011011101000
01111011101000
10110001101010
01011011010011
00111101010100
11010101010001
01010001011000
00011000001111
10111100110010
01010000110001
01010100111110
11001101101101
10111010010010
10001010101010
10010000011001
01110011100101
11011110010111
10011001000110
01101001010100
01010100110111
10110001101000
01111000000101
01011100000100
01111000000100
01110111010001
01101110000101
10000111000001
10111010001111
10111111110011
01110011100000
10110011010010
01010010000110
11001100111110
01010100011100
01011100111011
10010001011110
10011010011010
01110010010010
10111011001010
00111110001101
11000101011111
01010100010100
00011000101111
01011110101000
00000010001001
00111100110010
11000101011110
11000101011011
00110001001101
00000010100100
01001101111110
00100000101010
11001100111111
11000010100000
01010011010010
01101001000010
01101010111000
00100100111101
01111011101001
01011111101110
00100101100100
00010001101001
10110010110111
00010001100110
00000101000100
00000001101111
01111011110100
10110010010111
10111100010100
10111011010100
01101001111000
10110001100100
01100001001110
00000101101010
10110011111110
00100100111110
10110000001100
10001111101100
01111101101100
00000010001100
00111111111111
10110011110010
01110000110000
01000000110110
10101011111100
11011100111011
01011111101111
10110011010100
01011100110110
01000011100010
01011110110000
10101011000001
00100100001010
01010011011101
01010010101010
10110001110001
00000010100001
10011011011111
10111111111000
01110010001100
00000001110011
11011010110010
01010101000000
10100011000110
00001110100011
10110001001100
10110001110011
10111110111101
01100101100010
10110001011100
10000111110111
11011111110110
10111111110100
00101001111110
01111101111110
01111011000001
10111101011101
01000011011001
10101011011010
01111100010011
11010000001000
01101001110000
01100000001100
00101001101000
00111001011000
10101000000011
01010000100110
01110100001101
00011011111110
01111100101001
10111111110000
10111010111111
10111111110001
00101001001101
01110010001111
10110011110000
01110001001010
01110111111110
01010010010111
01011000011000
11011111101000
10110101000110
01111100000010
01010100000000
11011001001110
11001011001001
10110001000100
10110100010100
01111100111001
01110010011010
00111010011101
01110000010001
10111100010101
10110110010101
10110100110001
01000001001101
01110011100001
10110001110110
01001011011011
01010010010000
00000101011011
01011000110000
10111011101001
01000110010110
10110011111100
10111110000100
10110010110011
10101111100101
01010101010100
01011100011111
01011100010001
01001101011100
01000111000110
10110001110100
01110111111001
01111100110111
01000001010100
01100001110110
01111101011001
01100101100011
01011001011111
01111000010001
10001111001000
01000110010101
00101010010101
01000001011010
01110100000001
01010010000100
11010010000010
00110001110110
00000101000001
00010001100101
11001100100101
01000110011100
10110000010001
00011011111000
01010101011111
10110011100101
10110001010011
10110011010000
01100000011110
01101110010110
00101001001100
01101110000000
10111110110000
01011001100111
01001110100101
01101001110010
01110110011110
11000110011101
00100111000001
01110111111100
10110001001110
00000101100000
10011010011011
01100001110111
10001011110000
00000101110000
11010000001111
00011011100101
01011100011000
01010110011000
01101111101011
10111100110011
01100101010010
11010011100011
10110101101001
11011000010110
01101101001110
10101110001010
10001100100110
01101100101111
00111011101011
01000100000101
01010001011001
10111111000111
10111100010110
01010100011010
10101011010100
11010011000111
00111011001110
01010100010010
00101001011010
11000110011100
01000011100110
01111001000110
00000101010101
11001111100000
01101101100010
10101100110111
01111001001000
01111011101101
01011011011100
01011000011100
10110011101001
10111111000000
10101011011101
10110001011011
01001101001111
10110011010001
00011011010010
00100000101001
01111001010101
10001101010100
10011001111110
01100001111101
10001001111100
11010000001011
01111001010100
10101011111001
00000001110000
10110100100001
10110110000111
00000101111100
10111111110010
01011010111101
01111000100110
01111011101111
01011111100001
10110001100111
11000011011111
01101001001110
01000000110001
01011011101101
00000010010101
01111100010101
10110000000100
01100010011010
