11 92
10101110101
01001010101
01001100100
01011101000
01011100000
01110001010
11011111010
01001110101
01101111100
00011111111
00100111001
01001000110
01001100111
01001100011
00111100100
10101111010
10101101011
10110111100
11011110001
01101100010
00011111011
11000101000
01100010001
01101110011
01001011000
11000101001
01100011100
01000001110
01010001100
01011010110
01100000110
01010011000
01001110111
01101110110
01111001100
01100010101
00010111001
01011000111
01001110110
00100011100
01000110101
11010000000
01100101101
01111000101
01001000011
01000011101
01000111011
01000100001
01001010111
11011101001
01011000101
00100111010
01000110110
01111101100
01010110000
00000001100
00010111110
01000110111
01100011010
01100011011
01100011111
11001101010
01010010000
10011001110
01101010100
00011111010
00111011000
01010010111
01111000011
10000011001
10101011111
11011101010
01010110100
11011111001
00110001010
00100100110
10000100011
01111001101
11011001111
10011001100
01101101000
10110100011
01100010010
00011011110
01000001100
01010000100
01000111100
01110010101
01110000111
01001101100
01110011110
01100000010
