27 992
011111000000000000101101001
011111000000000000111000000
110011110110001100101001001
010000000011100001011111110
110111000100110000100100100
110100110010001011111000111
100111000100000100001110001
110100100101110100111000110
100011001010100010000001101
110010111111110110001001001
011111000000000000110000101
011111010011110000110100000
001111101001000101111110000
110010111110101011100100101
110000110001100011011000001
001111101001000101001001011
110101011111100110111110110
101111101111100000111100011
110011000000110100101000111
010000100111011111001101011
110100111111110011100100011
011001110000001010000001011
110100101011001001110100010
101111100100001000000001001
110100111011100101101011101
110010111110001011001110010
110011111011011011001000010
000010000000110111101010100
110100101011001001011110111
100110000110001101001110100
100111111111110101000010110
011111011111101111011000100
100110000110001101110000000
110010111110101011010101101
100110000110001101001111110
101111101111111000010100111
100110000110001101101111111
110000000000010110110100111
010011001010010111011010100
011111000000000000110111100
110100110111001000101010110
110100100111000100111001000
110101011111111100000111001
011111000000000000101101111
110010100000001000111001101
100101001101111101001100011
011111000000000000110010000
110000111110111011101001001
100000101001110010011111000
010011001010010111011111000
110101000101101011001011100
110000001001011011110010001
010111010101000111101010010
100101110110001110100111001
100110000110001101110000010
001110010100010001000100010
110100100101111101010101101
101011011111011001010011110
110100100101111101001010000
100111000100000100001010010
010011001010010101111001101
011101010110111000110000000
010101000010011101110001010
110100100110000000100000000
110000000001100100010110110
100110000110001101101111011
110010111011110110010100000
110000100011011010010001000
110010111111000100111000001
110011000000110100101011100
110101011111111100001010001
010101010000100111111011000
101001000011010111000001100
001111010110011010000101110
101011110010110101100101010
110100100110101001100101101
001111010110011011010000011
110100100110000000100010100
110100110011011100000000001
010000000011100001011111111
110100111110110001010001000
011111000000000001100001011
001111011111101111100011110
110010011000101110110001100
011111000000000001100011110
110000000001100100010110010
010011001010010101110101101
011111000000000010000001111
000010000000110111101010011
001111010110110000000011100
110010000010000101110111011
100000011010101111101001000
010001000100001100110110111
110100110010111010011111011
011100000100110111011001101
101101000101000000110110101
001111100101000001100011010
110010111110010100000100011
110010110000000000100011000
101101000101000011110011101
101111100011110001010100110
011111000000001000101000101
011101101000000100111010000
011110110011000100101011101
011111010011110000010101110
110010100001111011101101000
100101110000010111010110101
011111001000100100001110001
110011110001010001010101010
101101000101000000110010110
010011001010010100001110101
101000111011110111100000000
110010110001100001111110010
110000101011010101100101010
100111000100000100001010100
011010001000110100000001001
110100111111101001101011010
110010110000111001100000010
011111000000000000110001011
110110001000101011101110001
011110011000001111000100110
011111000000000000111000011
110011100011000110110011000
000110111111111101000010001
010011001010010101110101110
100111000100000100001110011
011010001000110100000001000
110110101001010101001011011
110100100110000100100001101
110010111110001011001110011
110010110011011110111001001
110010000001010111100011011
001111101101011000001110010
100111000100000100001010111
110011100011001111111100001
110010101001111011010100001
010011001010010101111001011
010000001111111011101001000
110100100101111110110011110
110100100101110011111001001
010011001010010101110101010
011111010011110000000100100
001111010110111110100011110
100110000110001110000000000
011111000000000000101011011
000010101011110110110001101
100101001111001111100001000
010111101000011111101100100
001110010100101111010100000
110010111110101011100100111
101101000101000000000110001
100111000100000100001010110
110010110001101010110010001
010011001010010101110000110
110100110010001000011011111
110100100110100000100100110
100110000110001101101111100
001110101011100001000011000
110100000111001110001111001
101011110010110101101001001
100011001010100010000001000
011111000000000000100111010
110100111011100110010110110
110101010011100100001011000
110010101111110001001111001
000010000000110111100010100
001110101011100000100001111
011001110000010110001100010
110100100110010011101001111
100000110110011100010100111
011010001000110100000001010
011111000000000000110101110
101011110010110101011011100
011100000100110111110011101
110100110011100110101001010
011111000000000000111000001
001111010110011010000111000
101101000101000000111101110
110100100101101001000001011
110010111110101011100100100
010011001010010101110000011
100111000100000100001110000
011011010110111011100001100
110100110010001010011010100
010101001100111111111111001
110100100101101010100011001
100110000110001110010111000
100101011011000011011110001
110100101011001100101010011
011111000000000000110100101
110100111110110001000000100
011111000000000010001110100
101101000101000000000110000
110100111110110001000000001
101011110010110101110111101
110100111111110101100000000
110100110110100111011011000
001111010110111110111110010
110100100101101000111110101
010111101000011111101100110
110110111111110010101100101
110100100110000101101110010
110100100101101010001001000
110100100110011100000101000
011011110100001111010010111
001110010100110100011000001
010111001101111101110110000
011111000000000010000001110
110100101011001101010100101
100101110001011011100100000
010110010110110111101101011
101101000101000000000000010
110100100101101001001010010
100110000110001110010111010
110100100101111100100011010
011111011000000001000110000
110000000100011111000010000
110101010011100100011011011
001001100100000010000000110
011101010110111000110000110
110010100100010001001011100
110100110011100101001011100
001110010100010001001101110
110010011000101110110001011
110100101011001111000010010
011111000000000000101000100
110100100110011100000101001
010000001110101111000001000
110100100101101001000011111
110011111011011011001000011
011111000000000010001111000
010001010001000010001001101
101001000011010111000001101
110110010011101010110110011
010110111110011000010000100
110010110010000001000001011
110100111111110011011011100
011111000000000000111000010
001111010110000011001010000
000010000000110111101000110
110010110011011110111001101
011110011001110000111011111
010000001011111111111001001
000010000000110111100100001
110100101011001101011100001
110100110111001010100010000
110000010111000101100011101
110011100011001111111000100
010011001010010100001110010
110100111110110001000010101
110100100101111110100000000
101111101001000010100101011
001011110100100100010100101
110000110001100011010101001
101011110010110101111000101
010000101000001000111111100
010011001010010100010000000
100001010101110000011001100
100011001010100010000000001
110101000001000111001111111
110011111011011011001000000
110011101111110011011001011
010000001011111111011110000
110100100101111100101010101
110100111111110101100000011
110110101001111100110010111
101111100100001000010111001
110101011111111100001011101
110111100110100001011011000
100110000110001110011101101
100110000110001101101000100
110100101011011110110001101
110010111110001011001110101
110100110011100100010001001
110100110010111000000011101
011111011000000001000100000
110000100100101010101001001
011111000000000000110000100
000011100011000000000001100
010100011001000010010000011
110000001010000100000010111
110010111111000001001000000
010100000100100100000001111
110010111111001100000000001
110010110000000000100011100
000010000000110111101000011
110100100101101000000100110
110000100100111100011101101
011111011000000001001001000
110110010010000110100100101
000010000000110111100010101
011101010110111000101010010
011111000000000110000101110
110101011111111100001011100
110011101111100011000101011
011111010011110101011101001
110101000101101011010011111
110100111111110101111100001
110100101011001010100001000
001111011111101111100001001
101111100011110001011111000
010100001011001110010011001
110100111110110001000111000
110111011010001111010011100
110010011100001010011001000
110100100110001101000011101
101101000101000000000100100
110100101011001010100001010
100100111001100000010010110
100110000110001110010110111
010011001010010111010011010
001001100111010101010100110
110101000111000000111000101
110100110011110010010001111
110100111110110001111000001
110100111111110011000100110
110010110011011110111001100
110010110001101010110010111
110010100000001000111001010
011111000000000000101011110
100110000110001101011000010
110010111110110001101100110
110100100101101011101010110
110100010111101101010011010
110100101011001110111011100
001110010100010100001100101
110100100110001010110000000
000011100011000000001011100
110100100110011100101010111
110000011111011101111100111
110100110111001000101010111
110100111110110001011111111
011111000000000110000101101
011111000000000000101101000
110010000001010101100111000
110111100110001100011110000
110100100101110100111000111
110100111011111010000110000
110010111110111010100100000
010100000100100100000001011
110101011011010010100001001
110000000100101011010010111
110010110011011110111001110
010011001010010101111011011
110100110111001000010010111
110010111111111001111000110
011111000000000000100111011
110100110011000001100000011
110001000001101100011001100
110011100011001111111001100
000010000000110111100110000
110100011001000101011010101
010011010110110110000011010
110100111110110001010000000
011111000000000000110101010
110101001010011001110101001
110100110010011101111011101
110010100000001000111001100
100110000110001101010111000
110010111110111000100101100
000010000000110111100100010
010111100100100011111001010
011111010011110000110001000
110101000111000000100011001
000010000000110111101010010
110100100111011011011000000
110100111111110010101110000
110101000001011100010101000
010011001010010101111010110
110100100101101000010001111
110100011100010100001010101
110100111110110001100011000
100101001110101101000001111
110100100110000000101001100
110010000001010101100010010
001110101011100001111100001
100110000110001101101111010
001111010110011010111111100
110100101011001111000110111
110010110001100001111110001
010000001011111111111111100
000010000000110111100110010
110010110001101010110010100
000010000000110111101010000
110100101011001010011101101
001011101110010111101011111
001111010110110000001001101
011111000000000000101100100
000010000000110111100100101
011111000000000110000101100
011111000000000001100001111
110010110000000000100011001
101101000101000000001100010
000011101000000111100010000
110010111110010011101010101
010001010001000010010111111
101011011111011001000011011
010011010110100110000110111
110101011111111100001100000
110000100101101010111000110
101011110010110101101100011
110010111110001011001110100
110100100101110100111000101
100111000100000100001010101
110011001110110111010000001
110100100110001100111000101
110100100110000000100000010
101000111011110111011111111
101011110010110101111001000
011111011000000001000111000
100110000110001101101111110
110010100001111011110110000
110100011101100101111011000
001001100110111111100001000
101001011111111000101010101
000010000000110111100010110
110100100110101001100101010
110010111110110001100010111
110000110001100011010111101
011111000000000000110111011
010000000011100001011110010
001110010100010000110110011
011111011000000001000101001
010011001010010100000100001
101101000101000000111000011
011111000000000000110011100
110100010111101100000011010
011111000000000000101001101
110100100101101001001011011
000010000000110111100110100
101011110010110101010010001
110100100101111110000100000
001111010110011010000100010
001110101011100001101101011
100110000110001101100110000
101010101000100001110011010
011110101111110001111001000
011111010011110000100011011
011011110100001111010000101
110100111111110001111100111
110010111000001111110111010
010011001010010101110101111
100110000110001110010110101
110010111011110110010010101
010100011001000011100001100
110010111110010011110011111
001111010110111001110011000
011110000101110100000101000
011111000000000001100010100
011111000000000000111000100
110100100111011111110110001
110010110011011110111001000
000010000000110111100100110
110100100110001101000011100
011111011111101111011001001
010011001010010101110000010
100110000110001101001111101
110100111111110010001101100
110010100000001000111001001
100011001010100010000001011
110011100011001111111010011
110100110010111001111100001
001111100000011010100110111
101010101000100001110011101
001111101001000101001000001
100000101001110000101101000
001110010100010001000000011
110010010111010001001110011
010110011101110110000011001
011110011111111011110011100
110100100101111110111100001
011111000000000010001111001
001110101011100010000010110
101011110010110101010000000
010000000011100001011110011
100111000100000100001110101
110100101011001100101101110
110100110110100101000001000
100000101001110001101010110
110100101011001101001010101
101101000101000000011000010
100111111111110101000010101
101101000101110011111111001
010000000001001001010110001
011111000000000000101111101
110010110101111100011110101
110100100110101001100101011
010101010000100111111011001
110010010111010001010100100
110010110101111100011110011
101011110010110101110111010
001110010100010001000001101
100011001010100010000000011
001110101011100000100001100
101101000101000000010100000
100110000110001110010111001
010110011011111111011010111
110010000001010100001111100
001110101011010010011000101
110100110011100101100110000
010011001010010101110110000
011111000000000000101110111
011111000000000001100001110
011111011000000001001011100
010101000010011101110001001
110010111110101011100100000
110100111110110001100001001
110101010010011101101101001
100011111101011111000001100
110100100110000100010100100
001001100111110010100100100
000010000000110111100110001
110100100110011101110111110
110111011000010111010010010
110100101100111101001110001
110100100101101001111001001
110010111011110110010100010
010000110001000111001110100
011111000000000000110110000
110100100101101011001111110
110000111110111110001100110
110100110011100111101111100
110100110010001101000111101
110100100110000100100001011
110101011111111100001100001
010011001010010101111010111
000010000000110111100101000
110000111110111110111100101
101001100101101001001101111
110100111101001001101011001
101110100111000011010000000
110010110000111001100000001
010110111101111100110110001
011111000000000000110011110
011111000000000000101010011
110000011010110010010110100
010011001010010101110101100
010011001010010101111011110
001111101001000101011011101
001100011111111111111101000
110101011111111100001010000
110000010101010010110010001
110100111111110000011100010
110100100101101000000100100
011111000000000000101010110
110100110011110010010001110
001001100100010011111111110
110000010111000101100011100
010000001011111111111001000
000010000000110111100010001
100111000100000100001110110
110010111110001011111101000
110010101110110001101011111
010001010101101000010000100
011101000111101110100001010
001110010100010001000100000
100110000110001110010110000
110011100011001111111100110
000010000000110111101000001
010000001011111111011110100
001110101011100000100001000
010011001010010111010011000
110000010111000100101000111
101101000101000000110010101
011111000000000000100111111
110100111110110001111000100
110100100100000111101101000
010011001010010101110000100
110011000000001010101010001
011111000000000000110111110
010110111110011000010000001
100011001010100010000000010
001111011111101111001010100
110100110110100111001001100
110100110010111001111100010
110100110010100100101111000
100111000100000100001110100
110000011011011011110100011
110000011111011101111101111
110101000000000100010101110
110010111010011001100000010
010110011101110110000001001
110100100110000100111010100
110100110010100100100000001
110100100110000100100001100
010100101001011101111111000
011111000000000000101100000
110010111110101011010101100
110100100110001100010100011
110100110011100101110000110
110101000111000000100011000
101101000101001010100010110
000110110110010111001000001
011111000000000000110111101
001001100110111111100001001
001110101011100000000101001
001111101101011010000001100
110100110011100101001111000
010011010110110110000100110
110000110111101000001110100
110000000001100100010110101
110100011100010100001010001
101111100100001000000110100
011111011111101111011100000
110100100111011011110010010
110100100110100011101000110
100110000110001110010111011
011111000000001110011100100
000010000000110111101000000
100111000100000100001010000
011111000000000000101101110
110100111110110001101011100
010001010101101001001111100
110100100101101000001110101
011111000000000001100001100
110100111100001011001101010
010011001010010101111011010
110010110001101010110010011
100110000110001110010110100
100011001010100010000001100
110100110010001011000101101
110100100101101001001110001
010011001010010101110001000
110100110011100100001111010
011111000000000000101010100
011110000011001010001000101
011101111100100001010011111
110100100110000000001001001
110100100110000000100010001
001110011111101011011101011
011111000000000000101001111
110010111010011001100001010
011111000000000000110000110
011111010011110000100011010
110100110010001010111111110
010011001010010111011011110
110100111100011010010001001
110011100011001111111100011
011100000100110111011010001
110010110101111100011101110
110100100101111110111011101
100111010000100000000100111
110100110011100110110110110
110101000111000000110010011
010000101001011100011000010
101111101111111000000000110
110100100101101000000100101
110100111110110001111000111
110010111110001011001110110
110010110011011110111001111
011111010011110101110010000
100000101001110011011010000
110101011111111100001101000
110011101111110011001010001
101011110010110101011011011
110000011000011110010001101
101101000101110011111110000
010000000100101001100110011
010000100100011000110011100
010011001010010100001110110
110101011110100011000011010
110000111110111111011110110
110010111110101011100100010
011111000000000000101001100
001110101011100000100001011
110110000001101101100011000
000010000000110111100010010
110100111011100011010001010
110100101011001111101001011
110100100101101001101100010
110010111110001011001110000
011111000000000010101100001
101101000101110011111111000
100110000110001101110000001
001110101001000100001011110
110100101011001101001010100
110111100110100001011011010
011111011111101101101100100
011110011001001100001111000
101001000111000111111111100
110010111111000100111000000
110111100110100001011011011
001111011111101111100001000
110100100101111100010101010
000010000000110111100000100
110100100101110100111000100
110101010011100101010000110
011111000000000000110111000
110101001011110100000111101
110100100101101011011100010
011111000000000000111001001
101101000101000000111000001
001111010110111110110000100
110100101011001110100111101
011111011000000001001010000
110100110010111000000000011
100110000110001101101111000
110100110011100101010001101
010011001010010100001110111
011101101000000010010100100
110100101011001010100001001
011101101000000010010100101
011111010011110000100011000
011111000000000110000101111
011111000000000000101010010
000111111100011100001011011
110100100101101001001010011
110010111110111000100101011
000010000000110111100000000
110100100101111101111111101
010011001010010101110000101
110101011111111100001101001
110100100101111101011011001
001110101011100000100001110
110011100011001111111011001
110110111111111000001001000
011111000000000000110010001
101101000101000000010000010
101101000101000000111000111
110101000001011100010101011
010011001010010111000001111
001111010110110011010101110
110010000100101010001111111
110110000011010001110110101
011111000000000000110111001
001110101011100001100010101
110100110111000110010111110
110010111110101011100100110
000010000000110111100010111
110101011111111100001100100
100110000110001110010110010
110011100011001111111010010
000010000000110111100001010
100110000110001101001110101
100101110001011011100101011
011101100100010111001100001
110100100110001111001001001
110000001001001110100000010
000010000000110111100000011
010011001010010101111011000
110000010111000101100011110
001110101011100000100001101
110010111110101001100101110
110000011101101011001101111
110011100011001111111100111
110100100101111111101000010
110101011111111100000111000
011111000000000000101000011
001111010110111110011000011
100110000110001110010110011
110000100010001001000000010
011111000000000010101100011
011111011111101101101100101
110011100011001111111100010
011111000000000010101100010
110010110110011010000010001
110100111111110101100000001
010001100110100101010101000
011111000000000000101111001
100111111111110101000010010
011111000000000000110000000
110110010100010000110000101
110100100110011100000101010
100110000110001101001111100
110011000011101110011000110
001111100010000000110101000
000010000000110111100000110
110101000111000000111000010
110000110001100011011000010
110100100110000101010010000
110100101011001110010000001
010100111010110001101111110
110101011101110100111000100
110100110111001001100000011
011111000000000000110000111
100111000100000100001110010
001111101110111111101001110
011111000000000000110010010
000010000000110111101010001
010011011111011000100011001
101011110010110101011110101
110010111110101011100100011
100000101001110001000101000
100110000110001101101111101
011001110001011011111000100
100000101001110010000101000
110101010011100101101110110
000010000000110111100010011
110111100110011101111100010
110100010001001001110011100
110100100110011101110001111
001110110001110101110011101
000010000000110111100110101
110100100110100100100100001
110010001100010110100001100
010011001010010111011010001
110100101011001010100001011
100001001111100011010000001
100110000110001101110011010
100111000100000100001111001
100011001010100010000001001
110011101101101010000010000
110000010111000101100001000
101111100101010110011111001
011111000000000000110111111
110010111110001011001110001
011111011000000001000101000
011111010011110000100011001
011100110100011100000100010
110100011100010100001010110
110100111110110001000010100
110100100101101010100011000
110010110001101010110010000
011111010011110000110010000
110100100110010011101001010
101111100001101011001001011
001100011111111111111100111
110100100101111110111100011
011111000000000000110001100
110011111001011101110110100
010011001010010111011011001
110010111110101010000110110
001111100110010100100111101
001111010010011000001111001
110100100110011100101011011
010011001010010111000001100
010011001010010101111011111
010011001010010100001110100
110100100101101010111110101
110111100110100001011011111
000010000000110111100010000
101011110010110101101000011
010011001010010100001110011
011101010110111000101101110
000010000000110111100000010
101011110010110101010010000
110100101101111010000010101
110000100010001001000000100
110101010011100100011011001
001111010110111110111110111
001001010000100111011000001
110100101011001101010010000
101100010001010000000110000
110101011101010101001110010
110100100101101010111110100
010000111101000011011010111
101011110010110101101000001
001111010110111110100011111
011110000011001010000001011
110100100101111101000101000
011111000000000010000000111
110100100101111111110011100
010111010101000111110001111
110101011111111100001100101
100110000110001110010110001
010000001011111111011110011
110100101011001000001000000
011111011111101111011001000
110111011000010111010100000
000010000000110111100100100
110100100101101000111110010
000010000000110111100110110
001111010110111110010110000
100101110000010111010110110
101111101111001001100011111
110001000001101100011001101
010000000001001001010010010
011100000100110111010100110
110100101011001101101110000
001110010100010000110111110
001111010110000001111111110
000010000000110111101000010
110100111110110001000111001
010011001010010111011011010
110010111110101011100100001
110100110010001001101011111
011111011111101111011001010
011111000000000010010100110
110100111100001101001101101
100110000110001101001000001
011101010110111000111000011
110000110001100011010100100
110100100110000000100110011
001011110100100100111110100
110100100110000001011111010
001110110000000111111000111
110100100101101011001111111
110000100010001001000000001
101100100100111001101010010
101101000101110011111111010
011111000000000000110101100
110100000111001110001110001
010101001110100111001010010
110100100101111110110011010
101011110010110101101100100
011111000000000000101110010
010011001010010100001110001
110100110010011101000100111
001111011111101111100001111
010011001010010101111001000
110100101011001001110011000
110010110000111001100000000
110011000101101000100100000
101101010011000010110000001
110100111110110001010000011
001111010110111110011000010
110000011000011100011101011
010011001010010101111001100
011111001111100010100000111
010000001001001010001000111
000011100011000000000001110
000010000000110111100000001
110100111110110001101110001
110100100101101000010110101
110100100101101000111100101
110010111011110110000001111
101011110110111100011110010
110011111011011011001000100
110000110001100011011110000
110000100010001001000000011
110100100110000100110000000
110101010011100101010000111
011111000000000000101011111
110100111111101111100111000
110100100110000001111101000
100111010000100000000001111
010011001010010111011011011
100000110110011100010100101
110100100110011101110001110
100111000100000100001010001
110000111011111110111101110
100110000110001110010110110
001110011111110100010100001
000010000000110111100111111
011111011000111011000001011
110111000100110000100100000
100000101001110001000011010
010110111100011010000101001
110100111111111101000010000
110100101011001001100101110
101011110010110101001011000
101011110010110101101000010
001110010100110111100110000
101101000101000000111001110
011111011000000001001001110
110010111110001011001110111
101101000101000000010110000
110100101011001101001010001
110000100011011001000010100
011110001000101000100010111
011111010011110101011101000
010000001001001010001011100
100110000110001101010000111
100110000110001101101111001
001110010100010000001010011
000111111100011100001011101
110110000100100010000110000
101110100111001111011011100
100110000110001101110001000
100110000110001111100100101
011111011000000001000111001
000010101011110110101101001
110100110011100100000111111
110110010010000110010100001
100110000110001111000101101
110100100101101000010001110
110100100110011100101010010
110101000111000000100001100
000010000000110111100110011
011111000000000000111000111
110100111110110001011111110
110000110001100011010000000
110010111110010011110011101
000010000000110111100100011
011101010110111000110000101
101111101111100000110111000
000010000000110111100100000
010011001010010111011011111
100111000100000100001010011
010111010101000111110100110
100110000110001101010000100
010011001010010101111011101
110100111111110011000110011
011111001000100100001110100
110111000100110010111110101
011111000000000000110001010
010011001010010101110111010
110100100101101010000011000
110100100110011100000101011
101101000101000000010000101
011101101000000100111010001
010001010011000010000001100
