29 950
11011000111011010001000110100
11010010011101101100101100100
01111101111110111101101001001
01111101111110101100100110000
11010101001110010101000101111
01111100000000000001010000000
11010100101001100110001110111
00111011000111110010000011110
10010111000101101110010100000
01000100010000110011111001100
01001110000001001111000010010
11011001110111001011101011101
10011100010000010000111111110
11000110001011110110100010100
01011110011010111111101011100
01000101000111110000101011101
11010101001110010101000101001
11010011001110011110011010001
11010010010110100101111010011
11010010010111110001011001111
00111101010111111111101010001
01111100000000000001010000001
00111101011011001011011000000
01111100000000000001011010011
11010101001110010111011011001
11001110011000100111000101000
11001010000111101100011111110
11010101001110010001010010010
00001010101111011001100101010
01111100000000000000101101001
01111101111110111101100001001
01110000010011011111001000100
01111101111110111101110101010
01011011111001101111100111111
00001010101111011001011110000
01000000111111101111101100111
01011111101011000101100011110
11010101001110010101000100010
11010101001110010101100100101
11001111011100000000000111010
01011110101110101011100110001
01010010110001011011000010000
11010101001110010001010110110
11010101001110010101000001000
01111101111110111101110101100
11010010010110101111010000001
11000011110100010000111010101
01111101111110111101100000101
11001111011000110110110101001
11010101001110010001010110011
11001110001100111111101100001
11010101100000000110000001010
01001111011010000000111010100
01011110011010111111001100001
01111101111110111101111100110
11001011111001001010111010101
01111101111110111101101110101
01000000111101110011101000101
00111101011011001010111101010
01110000010011011101100000101
11010101001110010101000101101
10101111001011010100100011101
11010100100011111111110111101
01001010110110011100001000000
10000101010111000000101000100
11010101001110010101100000101
01100111000100111010010110010
11010100011110101101110110110
01011011111001101010110000000
10110001110111011100001001010
11010011001100111101000100000
01110000010011011111010011011
11010101001110010101100000001
01000100010000110010110100011
01111100000000000000101101100
01010011101011000110111111110
10010111000101101110010110001
01111101111110101100110011101
01000100010000110011010011101
11010101001110010111111000110
01111101111110111101111001001
01111100000000000001001011101
11001110001100001111000010010
00111011000010100101101001011
01111100000000000001010111101
11010011001110011110011000011
11010100101001100110101110101
01111101111110111101111100101
10001100101010001000000010000
01110101011011100011110001111
01011110011010111110111011000
01110101011011100011110001100
01111100000000000001100000101
10101111001011010111100111111
01010001110100110010001001001
11010101001110010111011111000
00100110010000001000000010100
01001110000001110100101111001
10110100010100000011100111100
01010001110110100110110100101
01111101111110111101100000011
11010011011100001101010110101
01111101111110111101110110010
00100110011001010010000000111
00111110100100010100100111110
11011001000010110010011100000
01101000100111000100010000011
01000101000111001110011100111
01000100010000110011010011100
01111101111110111101110100111
01001101011011011001011001110
11010101001110010001010110100
11010101001110010101000100000
01000100010000110011010000001
10010111000101101110010100001
11001011111010100110010111111
01010010100100111000000111111
10001100101010001000000111000
11000011110100101001000010000
11001011111001001010111011000
10101111001011010101001011111
11010101001110010101000100001
11010101110010001111101111001
00101110111000000000001001011
00111101011011000010011001000
01000010000111010000101110101
00001110001000011010011000101
01110101011011100011000011100
11010010011101101110010011010
01011110101110101011100101111
00111111100011011100111111101
10010111000101101110010110000
11010011101010111011101001101
01111100000000000000101110101
11011110011010000101101100100
11000010110100011000000110101
01111101111110111101101111101
11001110001100111111100000001
01000000010010100110110001101
01100010011101110101110001001
11010010010110100111100000100
01111101111110111101111111001
11010011001110011110011000110
01011001101011110001001101110
01111100000000000001100110011
01111101111110111101100001010
01110000010011011101101000010
11011001110001000101111001000
01111101111110111101011100111
11010101001110010111011110111
00100110011011111001101001010
00001010101111011000001101011
01110000010011011111001010110
01011011110101011010011000101
11001011101111011000111111101
11010101001110010111011001000
01111101111110111101111010101
10101101110011010100100000000
01111101111110111101110010100
01001101001010011001100100001
00111101011011001011011000110
11010101001110010111011000101
11000011000110001101101100101
01011001001011111110010000110
11011100011110011011111101100
00000100000111111110110001000
01000100010000110011000111100
00111101011011001010111111001
01111101111110111101101011011
01110000010011011101100110010
11011110011101001000101000000
01111100000000000001010000011
11001011111001001010111011111
01010101110011011111110000000
01110101011011100011001001111
01111101111110111101111100111
10101101111001110110000100101
01011001000111100111111100011
11010101001110010001010101001
11000011000110001101111100101
11011101100100011000101011101
11010011111011000110000100000
11001011111110110100011111110
11010011001110011110011001100
00001010101111011001011110010
01000000010010100110110001100
11010101001110010111111010001
01111101111110111101110100011
01000110011010010101010111101
11010010110111111100001100100
11010100011100000010101011111
10111001000101101011011000100
11000110011010111101010101000
11001011101111011001010100111
01111101111110111101100001000
11010100000101110001010001010
00111101011011000000111111011
11010011101110011100101101111
01111101111110111101101010011
11010101001110010101100000011
11011001110111001011101101101
01110111110010100111011100000
11000011000110001101100111000
11010101001110010001101110001
01110111110010100111011100010
11010101001110010001010110000
10000101010111000001100101010
00111101011011000111010011000
01011110101110101100110000001
11010010010110100100001101010
00110001111111111111010000100
11010011001110011110011000100
01111100000000000001100111101
01110000010011011101101000001
01111101111110111101111010010
01111101111110111101111010001
01010001110110100110110101011
01111101111110111101011000101
01111100000000000001010111010
10000101010111000001100100001
01111101111110111101111110101
01111100000000000000101111011
10110100010100001111101010100
01111100000000000001001001100
11001010000111101111010100010
01111101111110111101111011110
10110010111111111001001100110
11000011010100011011101011000
10110100010100000000010000010
11011101100001011100010000110
10011100010000010000111111101
01111101111110111101111110010
01011001000111100111110001101
01111101111110111101110001111
11010000010001110000100111001
01111101111110111111000100010
01110000010011011111010011000
10101111001011010111100110111
10101111001011010110010000100
11010101110010001111000110010
11000011100011111110010010011
11010101001110010101100001001
01011001000111100111111000110
01111101111110111101100001011
10011100010000010000111011101
01111101111110111101101011110
11010011001110011101100011110
01110000010011011111001101110
11010011001110011110011001111
11001010000111101111010111101
01111101111110111101100101100
11011110011010000101101100101
11010001100100010101100000101
10101111001011010111110011010
11001110001100111111100000110
01011110011010111110110101100
10110100010100000011101011110
01110000010011011111001011001
11010011001010100010010111010
11001010000111101001101000010
01111101111110111101111110001
11010011001110011110011010010
11000011010001001000101010111
01111100000000000001011011101
01110000010011011101010111010
01111101111110111101101010101
11010101110101010001101001110
11001110001100111111100011110
01011001101111101100010000010
01011110101110101011100110110
01111100000000000001011001111
01000100010000110011011000111
11010010011000110001010001000
11010010010110100100001101011
01110101011011100011110000001
10000101010111000001100100011
00001010101111011000111101000
00111101011011001000110000010
11010101110101010001101000101
11010101001110010101000001101
00001110001111110100011000001
11010100010110101100110011001
11010011001110011010001011110
11000011000110001101010011001
01111101111110101100110011110
11001011111001001111000001001
11010101001110010111111011110
01110000010011011101100101100
11011001010011100010001000110
11010100000100011100110101001
00110001111111111111011110000
00111101010011100100110111110
01000000010010001110101011001
10101101111001110110000100111
01111101111110111101111001100
01110010000111111100000100111
10010111000101101110010101011
00111110010010000100010111000
11010101001110010101000101110
11010100010110101101001010111
11010000010101010111000111100
10010111000101101110010100010
01111100000000000000101111000
10001100101010001000000000011
11010101001110010101100001011
11010011001010100010010100101
11001011111001000010000010101
11000011111000100110100100001
01111100000000010001010101100
01010100111010011011101110111
01111101111110111101111010100
01111100000000000000101110100
10010111000101101110010101010
11011000111111101001101110111
01011011110001101000010100001
11000001111010111100111010111
11011001010001001111011100010
11001010010001000100010100100
10101111001011010101001010010
01111101111110111101110001100
10011100010000010000111100011
00111101011011000100100100101
01111100000000000001100110001
01000000010111100010001101010
01111100000000000001010100000
01011110101110101011100101110
11010010011101101100101100000
11011110011100001101100000001
01000000111101110011010101101
10000101010111000001100100110
11001010000111101111010111111
01010010100101110111111100111
01000100010000110011010011011
11010101001110010111111010011
01110000010011011111001011111
01111101111110111101101110000
01011110011010111110000011100
01111100000000000001100000011
11010101001110010001010101111
11001110001100111111100011111
00111101011011001010111101000
11001110001100111111100011011
01010010101011111100100011101
01110101011011100011011011111
01110110001011010001011000000
01111101111110111101101010111
11000011110100010000001100000
01111101111110111101011000010
01111101111110111101110111111
01111101111110111101100001100
11001011101111011000101100001
11001010000111101001101000111
11010010101100110011001010110
11010101001110010111011111001
01001110100110000011100111000
01000100010000110011111001000
01111100000000010001010101011
11001011111111101000100100000
01111100000000000000111101111
10101111001011010100100000101
11000001000001011011000011111
11010101001110010111011001100
01010101110011011111110011010
11011001110111001011101101100
01111100000000000001001100000
01111101111110111101111001111
11010101001110010001010101000
11001110001100111111100110101
11010101001110010101100100100
01000010010001100011001101011
10110100010100000001011000110
01000100010000110010110100010
11001011101111011000001001010
10010111000101101110010110101
01011001000111100111111000111
01111101111110101100110000000
11011000111111101001101110011
11001011111100001000110111010
11010101001110010001010110001
10000101010111000000101000110
10000001111110101100101101000
11001111001011110101101010010
11001011000010001100111010000
01111100000000010001010101000
11010011101010111011101001100
01010011101011000110111111111
01011110011010111110110110011
11001011111001001010100100100
01000100010000110011000111011
01111101111110111101111111111
10110001100000110011001101100
11010101001110010111011001001
01011110101110101011100111001
11010010011111001110111111010
01111101111110111101111110000
11000001001100111000000000110
01110000010011011101011101010
11001110001100111111100000000
00111101011011000000111000111
10101101111001110110010111010
01010001110110100110110101100
10101111001011010100100101110
11001110001100111111101100011
01111101111110111101111001110
10000101010111000000101000011
10101111001011010110101000001
01011110101110101011100101011
01000000000101010000100010110
10000101010111000001100101011
11001011111100001000011100011
01111100000000010001010100110
11010101001110010101000101011
01111100000000000001010001101
01111101111110111101110100110
01111100000000000001010111001
01111100000000000000101111100
11001110001100111111100000111
10110100010100001111100111110
01111101111110111101100010101
01111100110000101100110110100
11010101001110010001010011100
01011001111011101000110000010
11000010010001000001111011101
01111101000100011110000100000
10101111001011010100100100011
01110000010011011101011001101
11010101110111100011100001110
11001011101111011001010100100
01111101111110111101011100100
11001110001100111111100011100
01110101011011100011110010011
01000010011101111100110110000
00111101010010010110100111010
11000010100001001100010101001
10101101111001110110010101100
11010101001110010001010110111
00111011000110110010101100000
10010111000101101110010100011
10000101010111000000101000000
10000011011001110001010011000
10011100010000010000111111111
01011110101110101100100011111
11010000010110000110111110111
10110000000010100101011010001
11001011111001001010111010111
01110101011011100011110010000
01111101111110111101111001011
11010010010111000010000000111
01010101110011011111110000001
11000001101111010100010000111
11010010110111100001101100110
10000101010111000001100100100
11000011100011111110010010101
11010101001110010111111010010
00111110100100010100000010101
11010101001110010001010100010
11001111011000110010011110110
11010101001110010111111001010
11000001110010001110110011011
00111001010010101010011000000
01111101111110111111000100011
10000101010111000001100100101
00111011000000101011110100000
11001110001100111111100110100
11001011001000000100000100011
11001110001100111111100000101
01011110011010111110111001111
11000011010001001011010011110
00111110110101101011111001001
11001111011000110111110101100
10110100010100001111100011100
11001110001100111111100000100
11001011111010100110010111110
10110111011011010000001010000
10101111001011010100100100110
11001110001100111111101100000
11010010010110100001011010000
11010011001110011110011010000
00001110001000101101110101001
01110101011011100010101110110
10010111000101101110010110100
11010101001110010101100000000
11010000010111101010110101010
01111101111110111101011100010
01111100000000000001010100011
11010101110110011001000010110
11010101001110010101000101000
11001011111001001010111011010
11010101100100001000001101011
11010101101101001011000111110
11011100011101011100000000100
11010100101111010111101110111
01011110011010111100010111011
01000000010010001111000111011
01111101111110111101101110100
11010101001110010001101111010
00111110001110100111000010100
01111100000000000001100101110
01011111100011011110110011110
01110110001011010001011000001
11001011111001001010111010110
10000101010111000001100101000
11010101001110010111111011101
00110001111111111111011100010
01010000101100111001011110010
11010100000100011100000111011
10101111001011010101110111000
11010101001110010001010111111
10101111001011010110011100101
11001011111001001100111111011
01111101111110111101100000000
01110101011011100011110010010
11010010011111001101001111011
01000010100101110001110011101
00111101011011001011011000101
10100010110110100011011011100
01111100000000000001011010010
11010101101101101001001100010
00111101011011001000110000110
01111101111110111101111010011
11001110001100010110101100100
01111100000000000000111010000
01111101111110111101101111010
11001011111100001000011100000
01010010110001011011100011010
11011011111111000001001111000
01111100000000000001011010101
01110101011011100011110001101
11011001110111001011101011011
01100000001011011011010010101
11010000010001110000101110101
10001100101010001000000010001
11010011111110110010001001100
11010011111011000110000100001
11010101001110010001010100011
00111101011011001000101111010
11010011101010111011101001000
11010101001110010111011001101
01011110101110101100110000000
11010101001110010001010111000
01111100000000000001011000100
01101111010110111110101110000
01010010110001011010011100100
01000010000111010100110101101
00111101011011001011011000111
01111101111110111101100110101
11010101001110010111011000100
10110100010100000011011111110
01111101000100011110000100001
00111001010001010001111100010
11010101001110010001010001111
01001111011010001101000010010
11000010010110101101110110000
00111110010110100101110010101
11010101001110010001010011011
01010011111000000010100111100
01010000111110011000011000110
01110000010011011111001000101
11000010110111010010100100000
01111101111110111101110010010
01111101111110111101101111000
01111100000000000001010100001
01111101111110111101110100000
11010101001110010101100001100
01111101111110111101101110110
01011111001000110010010111011
10101101110011010000110110101
01111101111110111101111110011
01011110011010111110110010100
11011001110111001011101011001
10101111001011010111100101010
01111010100100000001100101100
01000100010000110011010010100
01111101111110111101100000111
01111100000000000000101100011
11000010111101111001100001010
11010011001011100110110101110
11010011111111001001111111010
01111101111110111101110100010
01011110011010111110101101100
11010100010110101100100010100
01010011111100110100001000001
01111100000000000000101100101
01110010000111111100000001111
11010010011111001101001111010
00111101011011001011011001000
01111100111110001010000100011
11010001010110000010100001000
00111101010111111111101010010
01111101111110111101111000011
11000010000011101011000111110
01110101011011100011110011100
01111100000000000001000011111
01011001101011110001001101111
11010011001100001101001000011
01011110101110101011011100000
10110100010100000011000011111
11001011001000000100000110001
01011001101011110001001110000
11010011001110011110011001011
01111101111110111101100001101
01111101111110111101011000011
11010101001110010001010100100
00111001010010101100001000010
01111100000000000000101111111
01110101011011100011110000011
11010011001110011110011000111
01111100000000000001010101010
01111100000000000000101110110
00111101011011001010111101100
00111110100100010100100100110
01110010000111111100000101111
11011100010000011100010101001
01111101111110111101100010100
01110000010011011101011101011
11010101001110010001101111100
01111100000000010001010100101
01000100010000110011011000110
11010101001110010111011011011
01011100110111110111011010100
11010101001110010001010101110
10000101010111000000101000111
01110101011011100011100011100
01111101111110111111000100001
11000111110010111101000100000
10101111001011010100100101100
01111101111110111101110111011
01011100111101110000101011000
01010010101011111100100011100
11010010010110101111010000100
11010101001110010111111111000
01110000010011011111001111100
01110000010011011111001010101
10101111001011010100100011110
11001111101101101100100011100
01110011011100101111011000010
11010101001110010111111110000
11010100001011001001110111100
01111100000000000001100111011
11011101100001011100011010101
10000101010111000001100100111
01111101111110111101110010011
11000010111101111001100001100
01001101011011011000001010011
11011001010011100010001101101
01111101111110111101110001101
10000101010111000001100100010
11010101001110010101000010000
11000010101101010110110001100
10110100010100000000001000000
11000011110100010000101000100
01011110011010111111001100101
01110000010011011101010000101
00111110100100010100100100111
11010100101001100110101101011
10100011101001000001100100000
00011111101010010011001000011
11011100010000011010011100010
01000010000010110010101000000
10110100010100000000001000001
01111101111110111101011100000
01110000010011011101100000001
01111100000000000000101110011
01111101111110111101101011111
00110001100000001111111010100
11010101001110010111011011000
11001011111110111111011110000
11001011101001100110000000101
01110101011011100011110000010
01111101111110111101100110100
01110111110010100111011100011
11011001010001000011000010010
01111100000000000001011011001
01011001000111111000010011001
11011001110110110100000000000
11010101110101010001101000001
01111100000000000000101101101
10001100101010001000000000010
01110010000111111100100000011
11011001011101100100111100101
10011100010000010000111100000
11010101001110010101000101100
11001010000111101111010111110
11001011111111101000100100010
01111101111110111101110100001
11010101001110010111011000111
11010011111110110010001001000
11001011111001001100111110011
01111101111110111101100111110
11001010000111101111010100011
01010000010010010000001100001
11010101001110010101100000010
11010101001110010001010100000
11010011001110011110011001010
10101111100111111100011100000
10011100010000010000111011100
01111101111110111101101110011
01001101010011000110010000110
00100110011101010101110011101
11000011010001001000101010110
11001011000011100110000011000
11010101001110010001010111010
11010101001110010111111011010
11000001100001111001000110001
10101111001011010111100110001
11010101110101010001101000000
01111101111110111101111111000
01111100000000000001001100101
01011110011010111111001100000
00111101011011001011011000001
01001010011110110101111001001
11001011000000010001100010001
10101111001011010100100011111
01110000010011011111001011100
01000011111001101011010111110
10110010111111111001011110001
01111100000000000001010011101
10101101110011010001100000101
11010101110101010001101000011
00111101011011001000101110110
01000100010000110011101000000
11010011001110011000000100000
00111101011011001010111101011
11010011001110011110011001101
11001011111110110010011001101
11010101001110010111111111100
01000010011101111100110100111
01111100000000000001011011010
11010100010110101101000110000
01111100000000000001001001000
11010100001100111001000000111
10101111001011010111100110110
11001011111111101000100100001
01001111011010001101000010011
11010010010110100111100000101
11010101001110010111111100101
01000000000101010010000100011
01111100000000000001010011111
11001011111001001010111011100
11010011001110011110011001110
11001110001100111111100000010
11000010111101111001100001011
11001110001100111111101100010
10110100010100000011011010000
11011001110111010011101011011
01111101111110111101110110000
01011011110101011010011000100
11010010110111100011110000000
11001011111001001111000001000
11001011111001001010111011101
10110100010100000011000011001
01111101111110111101111000100
01111100000000000001100100111
00111001111110101111001000000
00111001010001000010011000001
01111100000000000000101101011
11010101001110010101000010100
01111101111110111101101011100
11001000101010011000001111110
11001110001100111111100000011
11010101001110010001010001110
01111101111110111101111010000
01111100000000000000101100111
01010000101100111011010011000
00111101011011000111010000101
00111101010011101001111010000
01111100000000000000101101000
11011110011110100000001101001
11011001010001000011000111011
11010100010110101100110010111
11010011001101101100011101101
11000000000011010011100000101
01110101011011100011110000100
11001110101001111111001100000
11001011111001001100111111010
01011001011101110010100001111
01010011111000000010100111101
11010000010111101010110101011
01110000010011011111001110001
11010011011100001110000000100
11000011110100000001101100100
01111101111110111101101101011
11011100010000011100010011110
01010010100101000110000101001
10110100010100000011101111100
10010111000001100010000001110
11010010011010000000001010110
11010011001101101100011101100
00111001010010101010011000001
01111101111110111101011101000
10000101010111000000101000101
01000010011101111100110101011
01110101011011100010101111101
01010010100101110111111100110
01111101111110111101111001000
10101111001011010110110010100
11001010000111101111010111100
11010101001110010111011011101
01111101111110111101011100110
11010101001110010101000001100
01111101111110111101011100001
00111101011011000111010011011
11010101001110010111111111011
01111100000000010001010100111
01001101011011011000001100100
11010011111011000110000000000
01011001101111101100001101100
01111101111110111101011100011
11001011111100001000110110111
01110011011100101111011000011
00001010101111011001111111100
01110111110010100111011100001
10110100010100001111100010000
01000100010000110010110011000
01000100010000110011011010001
10110100010100000011101111011
10110001110111011100010100101
01111100000000000001000111110
11001011001000000100000100100
01000000000101010000110111110
11001110111110001100000100101
01111101111110111101110000101
11010101001110010111011011111
11011001010001001111110101101
11011110011000101011000000110
11010101001110010111011000010
11010101001110010101000100110
01110101011011100011100011110
11010101001110010111011000011
01111101111110111101100011111
11010010010111110100011011100
11010000010110000110111001001
10001100101010001000000010100
01110101011011100011110000101
11011001011101100100111100011
11000001101111001000011001111
00111101011011000111010010101
11011001010001000011000111010
00001010101111011001101000001
01110101011011100011100011101
11000001001100111000000000111
11010101001110010111111111110
01011111001000110010101001011
11010010101100110011001010111
01111101111110111101101010000
01111101111110111101101001101
11010011001110011110011001001
10101111001011010100100110110
11001011000000010001100010010
01110001000101011111010111111
10110001110111011100010110001
01111101111110111101100000010
01101100001111001001001101001
01011110011010111110101101011
00111001111010111010111001000
11010101110101010001101010010
01111101111110111101110001110
11010100010110101100100111011
01011110011010111110110110111
01000010000111010010110110100
11010101001110010001101110110
01111101111110111101111000101
01010001000001100110001110010
01010000101100111011010011001
10101111001011010111100101011
11001110001101110101110101010
01111101111110111101101001110
11001110001100111111100001001
01000010000010110010100100000
01111100000000000001010001100
10100010110110100011011010111
01010001110100110101011000000
01110000010011011111001001001
11010101001110010111111001011
11001111010000101001000011001
11010101001110010101000010101
01111101111110111101100010111
11011110011001000011110001000
01101100001111110000100010000
11001011111001001010111011110
01111100000000111000110000000
11010101001110010101100101000
11010100101001100110001110110
11010101110010001101000000111
11010101100100001000001111100
11010100010110101100010110011
01111010110010100100010010000
11010101110010001101000000010
01000000110010111010111101000
00111101010111111111101001001
01111101111110111101111111010
01111100000000000000101100001
11010000010001110000100111101
11001111101101101100100011111
00001110001100001100011111010
10101111001011010101001110100
11001010000111101001101001000
01111100000000000001010000010
01111100000000000000101111101
11001110001100111111100011010
01110101011011100011110011111
10110100010100000011011111100
01111100000000000001000101100
11010101001110010001010110101
10000101010111000000101000010
10101111001011010101001011110
10000101010111000000101000001
01111101111110111101110110101
01001110000001101010101001010
11000011100011111110010011100
11010100000000010001010110010
11010011011100001111110100011
10000101010111000001100100000
10011100010000010000111100010
10110100010100000011000011110
11010011111001110000110000000
01011110011010111111010100011
10110100010100000011001011110
00111001010011001000100001100
10110100010100001111100010010
01001101011011011000001010000
00111010101101001011011010100
11011100010000011100011001000
00110001111111111111011100000
00111101011011000111001100100
01111100000000000000101111010
11010101100100001000001101001
10000101010111000001100101001
11001110001100111111100011101
01111001100000111001011100100
11000101100111110001110111101
10111001001010101000110011101
11010000010001110000101011001
01011000100000101110100110000
11001011000101111010111100010
11010101001110010001010100110
11010101001110010111111111001
01110000010011011111001000110
01110000010011011101011000100
11001011001000000100000110000
01111101111110111101111001101
10101111011111101000001000000
11011110011110011001110111100
01000000010010001111000101010
01010101000101001111100101010
01110010000111111100000110111
00111011000101110111111101101
10110100010100000011011010011
11000100000111000000110111001
11010010010110100100000101011
