26 1383
11000001111100000011011010
11010011111011000110011100
01110101011011100011001111
01011111000111111110100100
11000000000111111001001101
01111101111110111000001100
11011111111000000010000001
01111100000000000011110111
11010101111111110000100100
01111100000000000100000101
10111101011111010010000010
11010011001000111110011111
10011100010000010000101110
00010100100001000000001001
11010010011010001100010001
11000011001111000101110010
11001011111011000000100001
01011011110110000011011100
11010010010110100101110111
01110000010011011101010001
11011100010010000001100001
01011111000111111101100000
11011001100111001101110011
01111100000000000101101010
11010010011011001000100010
01000101000100001001101000
11001000010101010101111100
01111100000000000101101110
10100101111111101001000100
11010011111011000111011100
11010010011110011001001010
11010010011000000110111000
01111101111110111010011001
10011000011000110100110010
11010010011110110101101110
01111101111110111100010110
11000001110010001110110000
11010000001100111100011111
00111101011011000010101001
00011111100000100001111111
01110001000111010000000110
01111100000000001011001111
11000000111100110001011011
00111001111110101111001011
11001011000000010001100001
01001100101001010111011100
01111101111110111010110100
11001000000101010101111010
01101101111011111000101101
01010011011000010101101001
10111101011111010010000011
01111100000000000100001111
00111101011011001100001001
00111010101110000110110111
11001011111010100110111111
00111101001001000111110111
11011100010100110110000000
01000000110100000001010000
11011110011110101111100000
11011100011101011111111101
10101111001011010101111000
11001010100111101111001100
10111010000000001000000101
01111100000000000101110000
00111101010011100010010100
10011000011000111110010010
11010011111011000110000001
11011000000110000100100100
11010010011000010010011000
10111101011111011000110000
01111100000000000011110010
01111100000000000101101001
10111010010000000101000100
10110100010100101011000001
00111101111110111110111101
11010000001100001110011101
01001110011010111100001110
11010010011000010010001010
11010010011000000001100000
01111100000000001010011000
10110111011000110100000111
11001010111111000100100111
11011001110110110100001110
11010010011110110101110011
11010010011010100110101100
11010011011100011100001101
11010011001110010111111000
10111101011111011000110001
00111010101101001011000111
11010011001110010110011001
11000010101111100001011000
11011001100111001011011001
11001011111011011010111110
11001110101001111111100100
01111100000000000100010011
11010011111111001001111110
11010101001110010101100010
10011100010000010000101101
11011001100111001010101011
10011100010000010000100000
00111111110100010000000001
01011101010100011111011011
11001001111010100001000010
01111100000000000011110011
11011000000101001110011011
11000001001000101000110000
01000010000111010100101000
10111010010000000100011111
11001011011011101110101110
01011011111001100001000001
11010010010111111011011010
11010010110011000010111010
11010011001110011000010000
10101001111011011110010100
10111010101111101010100010
10111101011111010101011110
11010000001100011001110110
11010010101100111000000010
11000001001010011110001110
11001000010101010101110100
11001011111001001010010011
11010011111011000110001001
01011110010010001111101001
10110001010000111111111010
10101111001011011101110111
11001001100111011100100000
01111100000000000011101000
01111101111110111001001011
11000001011010000011001011
01000011000100011100100011
11010010011000000010100100
01011101010100011111001010
11010010011010100110010101
11001000000001111011010111
11011001011011111011101001
10110100010100000000100100
10100101111111100001011110
11001000001100010101111101
01111100000000000100101011
11010011101110001101000100
01111100000000001000011011
11011010100111100110111100
11010010011110110101101001
00111110011001010011111011
01011111101011000100000011
01111100000000000100000111
01010101110011011111110101
01110101011011100011011100
11000011000110001101011111
11001000010100001001101011
11010011101010111011101011
11001011111001010010010101
10000101010111000001110111
11010010011110110101110000
01011110101110101100011010
00111101011011001011100000
10101111001011011101001101
00111010100100010011001001
10100100010011011001100110
10111010010000000101001000
11000011111010100000111111
01001000000111011110111011
01000000110100111101101101
11010011111011000100000011
01000000010011000101100110
11011110011100100001100111
11011001100111001111111011
01111100000000001001000000
00111101011000000101011010
10110100010100000001001010
00111111111110111010010011
01111101111110111010110111
10111010010000000100100000
11010010010111111011001110
01111100000000001000111101
11001000101110101001101101
01111101111110111001110101
00111110101011001010110100
01000000001110000101111011
10110101011101101011000001
11000011001010110100011000
11010010011000111111000101
11001011111001001100101100
11001000010100001001000110
11011110011110100111001111
01001100101001010111100111
10111101011111010011111111
01010000101100110010101001
11010010011010000110110111
01011110001011111111111001
00111010101101001000000101
10000000111000110011101110
11001011111011011010111111
11010000001100001011111101
11001011111001011010100110
00111011000110101110110000
01110011010111111100001110
11010011001000110011111000
11010010010110101011111001
11010010011110110101110010
00110001111111111111011111
01000000110100000010100011
01111100000000000011000001
10111010010000000101001110
01001100101001010111000111
11010010011000000010011000
01111100000000001001011011
00111110010011010011011010
11000011000110001101000101
11000000111100110001011010
11000000010001101101111010
11001000010101010101100010
11010010011000000100111001
01000000110101111111011101
00111101111110111110111100
01110001000111010100000001
11001000101110100111110101
10011100010000010000100010
00101001100000001101011100
10001110101010011111110100
11010001110001010000100010
11001000001011101110100101
10101111001011011111100001
01000000110100110010101100
01101111010000111101011110
11001000000010101111111101
00111110010011010010010111
10111010101111101010100001
11001110110111111000010000
10011000011000110100110011
11010010011110110101101011
11011001100111001111101110
01111001101001110000001100
00111111111100111000111111
11010001100000101100011001
01111101001111000011111000
01111100000000001010110111
10111010010000000100010111
10011101111011100101111000
11010010011010001001011000
11001011011000101100101101
11010010011001110011110100
11010010110011001101111010
11010010010110100110101110
11010010101100100101011011
01000101000100001000100101
11000010101110100011111010
01111100000000000100011010
11010011011100011101110110
01111101111110111000111010
11000001011010000011001010
11010010011000110001010000
11011111111111111100011010
10111110110110001011011000
11010010011010001101101100
00111101011011100100010010
10000010100111001101101011
11001010000100010001011001
11010101001110010101000000
01111100000000000011101101
11011000111100110100110111
01111100000000000010000101
11001010111111000100100101
11011001100111001110100011
11000010001101100000110100
00011011011001011100100100
11010011001000111001011110
11001000000101010110001011
10111101011111010101001011
10111010010000000101100111
01111101111110111001000101
10111010010000000100100011
10110101011101101011000100
11010010011000111100100101
10111101011111010011100101
01111100000000000100110000
11010011111011000111011111
10111110110100111000010100
10111101011111010011100100
11010011101110001100010010
10011101010010001001010001
10111110111100010101110001
10111001001001111011100000
11000010001101100000110101
00111010101110000110111000
11010010011110110101101010
11010011111011000111011101
10110001010000111111111001
10110111011000110100000110
10111101011111010101101110
01111100000000000101011100
10110101011101101011001011
11000011111011101110100101
10111110110111010001011100
01111001100001101010010100
01000000010111100010010111
11001011111000101100111001
01111101111110111100000011
11010011111110111010010010
01110111101000010101101100
01111001111111100001101100
11010010011000010000011101
11010010011010001010000110
11010100000111100001001010
00111110100011010101001011
00111010101110001000101010
11011101100001011000101100
11000011111010100000111110
11011100010110100001001100
10111010010000000100000011
11010010011000000000110101
01011011110101011101101010
01111101111110111001000100
00111101011011111001110100
01111100000000001010110011
01111100000000000101010100
01111101111110111010111110
11010010010111110011001000
10011100010000010000101100
11000100000010100110000100
10111010010000000100110010
11001110001010010001100010
11010010011010000100101100
11010010011011001000100001
11010010010110101100000011
11010100000110010101000101
10111110010110101010001100
10110100010100000001000000
11010010010110100100110101
11001000010101010101110101
10111101011111010011111110
10110001010000111111111011
01111100000000010010001110
01111101111110111101110011
11001000000001111011001101
00011011111111110100001111
10110100010100000000001010
01111101111110111011001000
11001000010010111000100100
01011011111011100001011010
00111101010011100010010101
01010111111110001011101110
11000010001101100000110111
01011110110011100000101010
11010011111011010110100010
11010010010110100011111000
11011110011110100100010011
11010010010110100010001001
11001010111111000101101010
00111010100100010011001000
01111100000000000011001101
10110100010100000001000011
11000011000110001101111101
10000010100111000110111100
00111010100100010010101111
11000001111100001000111010
11011001100111001100110001
01000000101111111100110000
01110000010011011101010010
11001000011101000111000000
11001000000001111011001010
01000000010011111010000100
11000010001000100011100010
11001000000011110000000110
10110001100111111001111100
10111110110110000111001101
10111111011000010001001110
11010010110111110011000110
01011001101100110100010110
11010011111110001000110000
10111010000000001000010110
01111101111110111011000000
10000011010110111011011101
01111100000000001010110100
11010010011000000010001001
11010011111011000110001000
10111110110110001001111000
11010010010111110000001100
11001011111011000000100000
11010010010111001001101101
11010010011010110011101110
00111010101110001000101011
11001000000000100100001000
01010000111010011111101111
11010010011010100110010100
01111100000000000101001110
00111010100011110111101011
01111100000000001000111000
11010011111011000101110110
01111101111110111000111110
10110001010000111111111000
01111100000000000101000011
10111010010000000101011100
01111100000000001010011110
11001001111010101001100001
11010010110111100000000111
00100000111100110111110100
11000001001000101000110010
11010010011000000010100010
00111010101101001010010101
11001110111001100101010000
11010010011101101100110001
11001111100111010100011101
10110100010100000001011110
01111100000000001000111011
11001110110111111000010001
01111100000000000101011000
11001000010101010101101000
01000000110100100110011100
10010000011000100111110011
11000011111010010100000101
11001000000001111011011110
10011100010000010001111100
11010010011000111100100110
11001011111001011010100100
11010011110000111010110011
11010011001110011100111111
10010000011000100111110001
10111101011111010011111101
11001011111001010000010000
10111010010000000100110001
11011000110011011000000100
11010010010110100001000110
01111100000000001010011111
01011101010100011111010010
11001011000100100010001011
01111101100001001011000101
11010100011101001010101011
01011110001010101010000111
11001000101110101001101111
11001011111010101101010111
01110101011011100010100011
10011000011000110101100000
11010010110011001110100000
01000000110100001111000110
01011011110110000011011101
01001010010100100011110111
01001100101001010111101001
11000010101111100001011001
01111101100000100011101100
01111101111110111010000010
10111010000110001101111011
01111100000000000100000001
00001100110110110011011100
01110101011011100011011110
10000010100111000110101010
11010011111011000100001011
00111010101110001000010111
10111010010000000101110001
01111101111110111011011111
01111101111110111010101000
11010010010110101011111000
10011000011000111110111100
01110101011011100011011111
11010011001000100110001111
11001011111011011010111101
01011110000111110011000011
10110100010100000000010001
11011111101101101011111000
10111011010111110010101000
10011001111111100101000100
00111101011011001000100010
11010010110111110011000111
01111100110110010111111101
11010010010111110000111000
11001000101110101001101110
11000100000001110001010000
10100100010011011111110011
01111101111110111100011000
01000000110100100111010001
11011101100100110000101000
11011001001000001101111110
11010011111011000111011000
10111010000110001101111001
00111101111110010110110011
10011100010000010001111111
00111001111110101111001001
01111100000000001001010010
11001000001010010001001111
11010010010111110111001111
01111101111110111010101111
10100101111111100110011100
10111010000000001000010111
00100110011011011010000011
01111101111110111001110011
11010011111011000110100001
10111010010000000101111111
01100101010011111111110100
11010011111111001011010000
00111101011011001100001100
01000000110100110110110101
11010010011010001101101101
01111100000000001010100111
10111010010000111100001100
10000010100111000110100111
11010011111111010111001110
11010011110111010110100011
10111101011111011011010101
01010101011100000001010101
11000000100101101111001001
10011100010000010000111110
01110101011011100011101001
01111100000000000100100101
10000100100111000111100000
00111101111110111110010000
11000011000110001101100110
10111110110100111000010101
00111010101110000101101110
11001000001000000111101001
11001011101100010010001011
11000010001101100000111110
01010101000101010011100000
11000011101101100010000100
11000001010010010110101100
11001000001000000111011000
01111100000000000100110101
10110100010100001111001111
01111101111110101100100100
00111101011010111101010011
01111100000000000100010100
01101111010000111101011101
01010000111010011111101110
11011101100101101100000110
11010000000100000100110010
11001100111101010001011001
00101001100000001101011101
10111011000100001111000100
11010001011000011100010110
11001010111111000100100110
11001001111010101101010110
11010010010110100100101011
10011100010000010000100100
10111110110110001011001111
11000001111100000001000011
10011000011000111011111001
11001000101110100100110110
11010010011010110011101111
11000111010011000000010111
11010010110110010110001111
11001011111001001110101011
11011001100111001101001011
10111010000110001101111010
00111101001001100000111101
10111110110110000011000110
01111100000000000011100111
10110100010100000001011001
01001010011101010001111101
01000000100100101111100100
01010101001001101111011000
11010010010111111111001000
11010011111011000101111110
01011101010100011111011001
01111100000000000101111110
11010010011111111100100001
01101111010000111101011111
01111100000000000010110110
11001110101001110100111000
10111010000110001101111000
01111100000000000011111011
10011000011000111111011000
10111011010111110010000111
10111101011111010101101111
01111000001100101000011001
11001110101001011011000101
01111100000000000100000110
10111010101111101010011110
10111110000000110000100010
11010010011010110011101101
00111101011011100101110111
10111101011111010010000001
11010010101100111010011000
01111101111110111000011110
10111010010000000101011101
11001000001010010001001011
01000000110010111011000000
11010010010111110010001100
01111101111110111011010010
01111101111110111001100100
11001011000101100101001100
11011101100001011001000000
10011100010000010000100011
11010010011001110000010110
01100111000001011000110000
11001010100111101111001110
11010000010111101010110011
11010010011001001101110001
10111101011111010011100110
11001011000010000101101000
01111100000000000101100100
10100100011100011111111000
11010101100000100011000111
00101001110100011100001111
01000000010011000101100101
10101111001011011110001010
01111100000000000100111010
01111101111110111000011111
00111101111110111110001010
10101111001011010101101100
11010010011001001110000111
00111110010100000110011111
01111101111110111011010011
10111011010111110010101011
01111100000000000101100001
01111101100001001011000100
01111100000000000100100100
11000001111100000000111010
01111101111110111001101111
01110101011011100011011010
01111101111110111011001001
01111100000000100010100001
01000000010011000011100110
11010010011001001100111100
00111010101110000110110100
11001000101110101001101001
11000010001101100000111100
01111101001111010111100001
11010011111110000001100111
11000011001011111110011101
11010010011010000110101110
01010000010010010000101100
01110010011011110011110000
11010010010110100100101100
11001011111110110000010101
11011001100111001001100100
11010010010111110000001101
11010010011101101100000000
01000000110101011011110110
10000100111110001111001111
01001100101001010111000000
11010000001000001010001110
11010010011001110000011011
01111100000000100010100100
11010011111011000110100111
11010010011010100110010111
11011010100101101100101111
11010010110011010000000001
11011001100111001001110111
01110101011011100011101111
11001001000100010001111000
11001011100000111111100000
10100011101100100101000000
11001001000100010001111101
11001000000001111011001100
01000000110100010100110001
00011011011001011111110000
11010011011100100101001100
01111100000000000011111101
10011000110000100001001111
11001000000001111011010101
01111100000000000010011010
11011111111111111100110111
10011100010000010000100001
11010101001110010111111101
10111101011111010101100100
11000010001011000100000000
11010011111111001110000011
01111100000000000110010111
11001000001100010101010111
11001011000000010001100000
01111100100010100000011010
11010010010110100010010100
11000011010111110000001101
01111101111110111000111011
10111010010000000101001011
11001000000001111011000011
01010000101100110010101000
01000001011100101010100000
11010010011010110011101100
01111101111110111010010000
01111100000000000011110000
11001000101110101100000000
11001111100010100100101011
11001011000111110000011111
01111101111110111001101001
01111101111110111101101100
11000011000110001101010000
10111110110110001011011001
10111010101111101010011001
10111010010000000100001100
11010010110011000000110010
01111100000000000110010110
11010011001110010011000111
11001000000001111011011101
10011100010000010000100111
11010010010110100111110100
11000001111100001001111001
11001000011011111011101001
11010010110111011001101011
10111110110100111000011100
01111101111110111101111011
11011111111111111101111001
11001011111111100111110000
11010011101011010011111110
11010011001110011000100000
10111010101111101010011011
01001100101001010111010100
11010101001110010101100011
01111101111110111011000111
11000010101111100001011010
00111010100100010011011001
00111101111110111100010001
00111010101110000111110010
11001110111001101011001111
01111100000000000101100110
11010011111011010110101010
11010010010110100000111000
01110101011011100011011001
10111010010000000101001111
10111110111100100111001000
00111101001110100010100100
01010101110011010110111111
11010010010110101011111011
10101111110101000000101000
10111010010000000100000010
00111010101101001100011001
11011110011010100010101110
10110100010100000000010111
11000001111100001001100100
11001000110001000101111000
11000010001101100100001000
01111100000000100010100101
11010011101110001100010001
01010011111001111001011110
01111100000000000010110101
01111100000000000101010000
01011011110001100100110010
01111100000000000100101000
11001001111010100100101100
11010010011000010010000100
00000101011000010011010101
01000000110100000001100010
11001010100111101111001111
11010010110111110011000100
11001000001010010011010000
01111101111110111001111010
11010010010111111110100011
01111100000000001001000111
10111010101111101010011101
01111101111110111000101011
11001111110100110101011101
11000000001010100110101100
11010011111011000110010100
00011011111111110100001100
10111010010000000101010000
11000010010101010010101111
11010010010111110111001110
11010011111011000101110111
11010011101110000001001001
11001011011011101110101111
10111010010000000101100110
11010101001110010111011010
10111010010000000101011111
01111101111110111000100111
11010010010111111110101000
11010100011101011001011011
10101111001011010110100101
01111101001111000001010110
11010010010110100110111000
11010010010111110010111110
11001110001010010000101010
01111100000000001001000110
10111101011111010101100101
10111010010000000101100000
11010010011000000010010111
10111110110110001011100011
01111101111110111010101100
11010011111110010110001001
10100101111111100110011001
11000110001000000010101110
01111100000000000010101110
11000010001101100000111111
01111100000000000101111000
01111100000000001000101111
01001111011010000000001010
11001000001011101110100110
01111101111110111011010100
11010011001000101100000011
01111001010000110110001001
11010101000010000010010100
01111100000000000110010001
11011001100111001110100100
01110101011011100011101110
11010011011100100010101000
01011011110101001000101000
10111110110110001000100100
11010010010110101101000111
11010010010111111111001100
11010010011101101101100011
11010010101100111011110100
01111100000000000011100101
11001010100111101111001101
11010011111111010101100010
11001000010101010101101100
10111110110110000111001100
11011110011110101111100001
01111100000000001000000110
11010000001100110010110001
11010101111111110000100101
11001011111010101101010101
01110101011011100011100010
10111101011111010011011011
01011110010010001111101110
10111101011111010011011000
00101111010010010011111001
01010000010010010000101101
10111101011111011001100110
10011100010000010000100110
01111101111110111011011101
10000000111000111110101111
11010010010110100000110001
01111101111110111011010000
00111101001000000100100010
10111110110100111000011111
11001001111010101011010000
01010011101011000110111110
11000010010001110101010011
11001000000101011110100000
01010101110011011111110110
01111100000000000110011100
10111010101111101010011000
10111110110100111000011110
11010010011001001011011011
10101111001011010100111100
10000101010111000001110110
11010011111011000101000010
00111010101101001111100001
10101110001011111011110101
01111101111110111010110010
11010011001111001001001000
10110110101011011010001000
11000001100001101111111110
11010010011010001010000111
01111100000000000011101111
11001100111101101110111011
11000111010011000000111001
01111100000000000100010101
00111010101101001010010100
10111110110100111000000101
10011100010000010001111101
11010010011000000111001011
11010010010110100100101010
10111101011111010011100111
01110101011011100011011000
01110100001100110001110011
11010011111011000110000101
11001000101111011110100001
10110100010100101010001010
11010010011110110101110001
11010010011000111111110100
01000101000010101000110011
11000011101101100010000101
00111101011011000111110010
11001011000100100010001010
01001100101001010111101010
01110101011011100011101100
11001110101001011011010010
01111100000000000010111010
01010111111011010000111110
11010011101100100000100101
11010010011110110101101000
10010111000001011101110100
11010010010111110100111001
11001000000101010110100001
01000000110101010110001000
11010010011001001100111000
10110101011101101011001001
11000001100001101111111111
11000011101001100110011001
10111010101111101010011100
01111010111111110101111001
00000100000111111010000110
01110000010011011101101001
11010000010000010101111010
10111010000000001000000100
11010010011000000000111000
10111101011111011100110111
01111100000000000011011001
10100101111111100110011101
01111100000000000010100100
01001100101001010111110000
11010010011001110011110101
11010000001100100101100110
01111100000000001010100110
11001000000001111011001001
01110000010011011101100111
00111010101110000110111001
11001001111010101111010100
11001011111000101100000011
10111010010000000100110101
11001011111001010000100101
01111100000000000101100101
11010100100011111010001010
01000000110101000011111011
01001100101001011100000100
01000000110101011011110111
11000000000110010001011000
00111101011011100101110100
01111100000000000010011100
11010011111011000110001010
00111011000010111000111110
11010010011000010000011110
11010010101100101001110111
10111010010000000101001001
10111110111100011011010011
11011001100111001101101100
11010010101100100000101100
11011101100001011001010000
01111101111110111000110001
11010101111111110000111000
00111101011011001111111100
11010010010110100001110111
11001011000111110000011110
10111010101111101010000110
11001011111001011010100111
11000000101111100100001010
11000001111100001001001010
01111100000000001010110110
01111101111110111001101110
10000110010010110011110100
11000010001101100000111101
01011011110001100100110011
00111101011001101101000100
00111010101110001000010101
01111101111110111001000110
01111100000000001001011001
10111101011111011011010011
11000010001101100000110110
11010010011000010010000111
11010010011000000100111010
01111101111110111001010001
11010011101110011100011111
11010010001110010001001110
01010101110011011111110100
11001111100010100111100100
10110100010100000011011011
11010011001000101000011011
11010010010110100101011111
11001110101001111111100110
11010011001000101000011001
01101111010000111101111000
11010101111111110000101011
00111101001000010100001100
01000000110100110100101111
10111110110110001001111001
10111010101111101010100011
11010011111010101111000111
11010010011110110101101111
10011000011000111111011001
10111010010000000100110100
11001000000010101111111110
11001111110110100001011101
10111110011011001100000101
11010011111000010100011110
11010100101111111110110001
00111101011110001001111010
10110100010100000000110000
00111011000011000100011000
11000011101001100101000101
01111100000000000110001011
11001000001010010100110110
10011000011000110011111100
11001011111001010010010100
11001011111011011010111100
01100111000000110001000000
00111101111110010111000111
10000010100111000001101000
01111100000000000101010001
11011110011110100111001110
11001011111001010010011101
11001000010001011001010111
10011001111111100101000110
10111101011111010101011100
10000000100001100110000110
10111010000000001000011000
11001001111010100001000000
00111101011011000010010000
11010010010111110011101001
00111101011011001100001000
00111110100001100011011111
11001101101110011101010010
11010100010110001000101000
11010010011001110111000111
01111100000000000100100011
11001011111000101100111011
00111001010001000100000111
01111100000000000110001001
11001000001000000110111001
01111100000000000101110101
00111010100100010011101110
11010010011001001111111100
01111001100001101010010101
01101111010000111101111001
00111101000011101011101100
01000000010011001101010101
01111100000000000010000010
11001111100101111101111111
11001000101110101111001001
10111110110110000010010101
01111101111110111010110011
11010011011100100010101001
01111100000000000010110001
11001110001100111111101101
11010011111011000110000110
01001100101001010111110011
11010010110011001000100011
01000011000100011100100001
11010011111011000110111001
01011101010100011110101000
11000010001101100100001001
11001011111000101100000000
11001111110100110100110101
11010010110011000101011010
10111010010000000100000000
01011000001100101111111101
01111101100000000100101111
11010101000010000010010101
11001011111111100111100010
10111101011111011100010101
11010011001110011101000101
10000100111110001100001010
01001100101001010111100000
11000001011010000011001000
11001000000101010110100000
10101111001011010101101111
11001000000111110000001000
10000000000000101010100000
11000001111100000000000110
11010010010110100001110100
11001100111101101110000000
01111001100001101010010110
11010011011100100000000011
01111100000000000110010011
11010010011100101111110011
11000001111100000001001010
11011001100111001010101010
11010100111101011111110111
00111010101110000110111011
10111010010000000101001010
01111101111110111001001001
01000000010011001011001100
01111100000000000100101100
00111010100100010000000000
10111110110110001001111010
11010010011010001110100010
11000001100001101111111100
01001100101001010111101000
10111010010000000100110000
11010011111011000110010101
11000011101001100110011000
11010010011010001100110000
11001110001101110101011110
01011011110110000011011110
00111101010011110111000100
11010010011000010010001000
11001000010100001100110011
00111010101110000110001011
01111101111110111010101001
10110100010100101011000100
01011001101100110100010100
11001011111001010010000110
10100101111111100110011111
10111110001111000111001110
01000000010011001011111110
10111010010000000100100001
10010101101001011011010000
11000000010100111111111110
00111110010011010011101111
10111010010000000101110011
01111101111110111011011110
11010011110000001110000000
01111100000000001000000010
11000001011010010100101111
10101111001011010111011011
01000000110100100100010011
10011000011000111110010000
11001000001010010100110100
10110100010100000000001011
11010011111110111101011010
01011000001100101111111100
00111101011011001011101110
10111101011111010101111001
11010010010111110100010110
01110111001111111100011101
11010100111010110001100101
01111101111110111000100100
10011100010000010000111111
01111100000000000100110011
11001100111101101110101111
11010011001101101011000010
01111100000000000100110010
11000011001011111110011100
00111101001010011000011001
11010010011000111100101110
11010010010110100111110110
01111101111110111000111000
11011100010110100110000010
01111100000000000100010111
01111100000000000010100000
00111101001001010100010010
11001000001000000111101010
01111101111110111001011010
01111101111110111010111011
01111100000000100010100000
01110101011011100011101011
10101111001011010110100010
11001000001010010101000100
01111101111110111011010111
11001011111110110000010110
01111100000000000100011000
11010010011110110101101101
10111110110111011010010011
11011000111110011000100011
01111101111110111010001011
10010100111010011010000110
10101111001011010101111011
01110010100011010011100100
01111100000000000100000000
01111101111110111101101000
11010010011101101000111100
11000001001000101000110011
11000100000010100110000110
10111110110110001011011010
11001011011000101100101100
10111010010000000100110011
01011011110010000011111010
10111110110110000010010110
11000001011010000011001001
11010010011010000110101111
11010011111011000101000011
11001001111010101100011110
10011000011000111100010111
10011100010000010001111110
01111100000000001010111000
01000000110101011100110110
11010011101110001110000011
11001000000001111011001011
01111101111110111011000110
00100110011110010100101110
01000000110101100111101000
11001001111010101001100010
11000010001110011111000100
01111100000000001001000101
11010011111110000010100101
01111101111110111000110000
10010000011000100111110000
10011100010000010000111101
01111101111110111001101000
01001110011011000000001101
11000011110100000001101001
10111110010110101010001111
11000111101011101101000011
01111100100010010000111011
01111100000000000010101000
11000001001000101000110100
11000001110010000000010111
01111100000000000101110010
11010000001100111111111000
11011100010110000100111011
11010010010110100001101101
11001000001010010001011100
01011110010010001111101010
11010010011000000000100101
01111010001100011110000111
11000110101000001000000001
11001110001100111111110010
11001010111111000101101001
00111010100100010011101010
10111110110100111000000100
11011000111100110100011111
11001011000100100010001000
11010010010110101101100001
01111100000000001000111111
01111100000000001010010101
01000001011100101010100010
01011001101100110100110101
10111010010000000101000101
11000100000111111111010100
01011101010100011111010000
01111100000000001001010001
10111110110110000100011100
01011011111001100001000011
11001011111000101100111010
00111101111110111100101011
11000001100001101111111101
11001011111000101100000010
11010011101110011111000100
11001010010001000100111011
11001110101001010011101110
01111101111110111001001010
01111101111110111010000110
11010010011001110000010011
11010000001100010111001100
01010101001001101111011001
10101111110000111000111111
11010100100011111010001011
01011101010100011111011000
11001000000001111011000100
01001010011101010001111100
11011101100111100010101110
10111010101111101010001000
01110101011011100010110110
11010011111011000111011110
10101111001011010110100011
01111100000000000010011110
10010010010100101010000010
01011111000111111101011100
01011101010100011110101010
01111100000000000010000110
11010011001101101101101100
01111100000000000100100000
01111100000000000101111001
01000000010011000100110010
11000010011101111110010001
01111001100001101010010111
01111100000000000011101011
01111100000000000100111110
10111010010000000100001101
11010010011001001010111011
01111100000000000011011010
01000000110100001001100011
01111100000000000101110111
11010010011010001111001111
11010010010110101010001101
01111100000000000011010100
11010010011000000111110010
11000100000010100110000101
11010010010110100100011000
10110101011101101011001000
11001011111010101101010100
11001001111010100100101101
01111100000000000101011101
11010000010111101010110100
11000001001000101000110001
00111101111110111110001011
11001000101110100100110111
01111100000000001000000001
00111010100100010000011010
00111010101101000110110010
10111011000101010100110101
11001111100010100111100110
01111100000000001010111001
01111100000000001010110010
11010011111011000100000001
01111100000000000101111111
01111101100000001111101000
11011100010110100110000011
11001001111010101000100110
01111101111110111011011100
01111100000000000100110100
11010010010110100111001101
11001011111000101100000001
11001100011001100010100100
10111010010000000101011110
00011011011001011100100010
11010011111111000100101111
11001011111000101100111000
10110010000100001101001101
11010010011111111110001100
00111101010011000000000001
10111110110110001110000110
11010010011001110011110110
01111100000000000010110011
01111101111110111010010010
11001000001010010001001000
01110101011011100011101000
10100101111111100110011110
01111101111110111001000111
11000011001111011000001010
01111101111110111000101101
11010011111011000110000111
11010011001110011011011111
10110010010011100111010111
11011001100111001001000100
11010011111111001011010011
10011001111111100101000101
10100010011000010000100111
00111101011011111000100111
01111100000000000011111000
01111100000000000100000100
11010010011001001110100100
11011011111111001010101101
01011101010100011110101001
11011001100111001101011011
11010010110111110011000101
00100110011100000101010101
11010001011110110110100101
01111100000000000100001101
11001011111001011010100101
10111010101111101010001001
11000100000101000001011111
10111101011111010101100111
11010010011000000010001011
01011011110101011101101000
01000000110100000001010010
10110101011101101011001010
01011110000111110010111111
10111110110111010011100110
10011100010000010000101111
11001010111111000100100100
11010011001100000110000000
10110100010100000001100000
11010010011000000000101110
11001000001101110001111110
11001110001100111111101000
11001110101001010100010101
11010011111011000101000101
11011001100111001001000011
10110101011101101011000011
11010100100011110101000110
00111101001001010111101000
11010010011000110110000110
01111101111110111010111101
11010100100011001010111011
11010011111100100110011010
00111101011011001011101101
11010011111111001000101001
01111101111110111000100101
01010011011000010101101101
01111100000000000011010000
01111100000000000100101111
11001000010101010101111110
00111010101110000110111010
01111101111110111011011000
00111010100100010001011001
10111011011110101011111010
11001000010101010101111101
10111110110110000001110001
00111011000001010110100011
00111001010011010000111010
10111001000010110101100100
11010101111111110000111001
11001011110111101101011100
01110101011011100011101101
00100110011100000111000100
11010010101100100111010010
11010010011000000101111001
11001011000100100010001001
11010011001110011011011010
11010011001110010010110101
11010101110001100101111011
11001011111110110000010100
11001011011011101110101100
10111110111111100000011110
01111100000000000100101001
11010010011001001110000100
01111100100010010110010000
11011110011011101111010111
11001001111010100110010010
11001000010101010101101001
11010010011110110101101100
11001000000001111011011111
10111110111111100001010111
10111101011111011100010100
11010011011010111000101101
01111100000000001010011001
11010011011100101010001110
01111101111110111000101001
10111101011111010101011111
10111010101111101010000011
01001100101001011100100000
01111100000000000101001111
01000000001110000101111010
01111101111110111001111011
11010011011100100010101010
01111100000000000101011001
11011010100101100011111101
01110101011011100011101010
01000000110101011100010111
11011111111111111101001011
10011100010000010000100101
11010010010110101111010001
11000011001010110100011001
10100101111111100001101101
11010011111110100111101001
10000100111110001010111100
01111101001111010101110101
11001000101110101100000001
11010010011000110100001101
11000001010101001011001001
10111010011100010001111011
01111100000000100111000010
11001011011011101110101101
11010011111011000110110000
