13 509
0000111000101
1011010010011
0000001011101
0101110011000
0011110000010
0101110001001
0100100000111
0110100100000
0010100101100
1101111100111
0010001100001
1011100001000
1011011101101
1010111100010
0011101100001
0111010101010
0010001110110
0110010101011
0111000101110
0011101100100
1011000000000
0000111000100
0101110100110
0010100111101
1100101001110
1010111111000
0101100001101
1101111100001
1101111011010
0000000101010
0000001001101
0101011111010
0101011001010
0111100110100
1001000111001
0100010001010
0111011100110
0111001101001
0101010110110
0010010101000
0110001110101
0110100100101
1101111010001
0100111101110
0110010101110
1101101110000
0101111010100
1011111111101
0111000010010
0101111011010
1101110110100
0100010010010
0011101000110
0000001000011
1011100000001
0001101111110
0000000111100
1011100000011
0001100001000
0111100110010
0110100100001
0101001011111
1001100011110
0111011110011
1010111000000
0111110111000
1101101010010
0101001100000
0101001100011
0001101100101
0010001111111
0101101110011
0100010010000
0101111001101
0111101001101
0101010000111
0100110110110
0001111101001
0000111000110
0111010010111
0100111000110
1000101111010
1011010010001
0010000010000
0101110110100
0111000010100
0100100010001
0101010001110
0111100100010
0101011000000
0111110100101
0110001100110
0110010101000
0111101100001
0000000111111
0110100000101
0100010011100
0010000010100
0000001000010
0000000111110
0101001101011
0111110101011
0111010101110
0010100100110
0100010001111
1001010111100
1101111001101
0101001110011
0100001110000
0101110100100
1001111000000
1101110001010
0001101101001
1010100000110
1000010011010
0101010110010
0011001000110
0100011000000
0010000010011
1001100011101
1101111100100
1100101011000
1001100011000
0101111101110
0110100101001
0111000011011
1011010100110
0111101111011
1011011110100
1010101101011
0000001001111
0011110100100
0101000010100
1100101100101
0000111001101
1010101111110
1101111001110
1101111011101
0000001011010
0110110000110
0111110000110
0000000101111
0000001011111
1010000010010
1011011010010
1000100110110
0111100110000
0001100001010
0111011011111
0101111010010
0100001100000
0111101011110
1010110110100
1001011111110
0100000111110
0100010101110
1100101011001
1101001101010
1010111101110
0110001100111
0101110110000
0110100101000
0111000111110
0100000110100
1011010101111
0111001100010
0101111100011
0010101010010
0010100110010
1101100100000
1100010101100
0011001001111
0000001011001
1001100000001
1010111001110
0110100100110
1011011110111
0111000100100
0111000001011
0110001110100
0010101001110
0101000000110
0110111000011
0011101011001
0010000010101
0010100101101
0101110001011
0111110111110
1010110100001
1100010111000
0000001001000
0100010001011
0001101110001
0111011101110
0011101011101
1001000111000
0000001011110
0111100110111
0111010100011
0111100110011
0110000000110
0101010001000
0101011000101
0001111101011
0001000110101
0011001001000
0100001101101
0011000110100
1101100110110
1101110010111
0001011101001
0111011101111
0101101010110
0011000111000
0100010011110
0100110010101
0010011101110
0111000010011
0100010101111
0010011100110
1101101111010
0000001011011
0100010000011
0100010101101
1101110111011
0100101110010
1100010101101
1100110100111
0000000111000
0011101100010
1100010100010
0111101000100
0111001101011
0000010101011
1010111110001
0111100010101
0011001001101
1011110011001
0101110011100
0010100111100
0100010011111
1101001111011
0100010001001
0001101110111
0100101101000
1100110101111
1011001100011
1010101101111
0111110110001
0101000000101
1011010010101
1011001001000
0001111100110
0111101000101
0100001101011
0110111010110
0110000001110
0101111110010
0110111010111
0100001101010
0101001101010
0111110101000
0011101011111
0101110001000
1011011101100
1101110110110
0101000010010
0111110111011
0010011100101
0001101100001
0111001001111
1101110001111
0101011000011
0000000111101
1100010110101
0100110110100
1011011011110
0100001010001
0011110010101
1011100001100
0000001011000
0110111010010
1100010110110
0111100000010
1100110111110
0011000101110
0100000101000
0011101010000
0000010111101
0111000001010
0100011100100
1010110011001
1101110110111
1101111010111
1011110000110
0110110100100
0100111110111
0111100001010
0011110101001
0101010011010
0110001111001
0001100000010
0100110011010
0000001001100
0001101110011
1001011111100
0101100101000
0101111000100
0101010001100
0100110111100
0111101110011
1101001111001
1101111010010
1100010101011
1001100111110
0111000100000
0011101011100
0011110011100
1011011101000
0111100100001
0111110101101
1101000010010
1101110001001
1100110101100
0111000101111
1100110010100
1010011011000
1011010010100
1001101000101
1000101101110
0101001111111
1101101010110
1000110100110
0011101001011
0111010000101
0111100110001
0110100100100
0111110000111
0010000001100
0111011111000
1011001011000
0101110000000
1010011100111
0000010101000
1100010101010
1010110110111
1010111111001
0100110011011
0010000010001
0010111101000
1101111100110
0101001000000
1011011011010
1101001111100
0111011001001
1101100111010
1011011011011
0111100101110
0100010010011
0101011001111
0011000100111
0001101110110
0101110101001
0000001011100
0011000110101
0101011000010
1000010001000
0101000000000
0011101000100
0111001011001
0010000010010
1101101010011
0111011000101
0110111000111
1101111000010
0111010000100
0101110000001
0111010100100
0011110000000
1011011011001
1101111011110
0111001011011
1101111000011
1101101110101
0011101001101
0110010101010
1011000011111
0111011000010
0110001000010
0011101100000
1101001101000
0000111000111
1001101000011
0111011001110
0111101010001
1100010011010
0101010000011
0111101110000
1101101111011
1011011011000
0100000010011
0101111001000
1010110011000
0110111010000
0101010111100
0001111100100
0111100010010
1011111100101
0110110100101
0111110110000
1101110111100
1100010111001
1101101011000
0010111110000
0111100110110
1011110010110
0011101100011
0111000010101
1000110010000
0101010001010
0101011000001
1101101111100
0100111010010
0001100011111
0101110100101
1001000111010
0100001100011
0111100000100
0110111101001
0111110100010
0111110001100
0101001000010
1010111111011
1010111111010
0011101001001
0000000100111
0101001000001
0111110010000
0011111111010
1001100011010
0101010100000
0110100110100
1010011011111
1010101111100
0100100010110
0110111110100
0111011000100
1000100100000
0101111011011
0011111111011
1010001100010
0010010000001
1011001011100
1100010110100
0111011101100
0101100001111
0111011111001
0101001100001
0100010011000
1101100110111
1101001111000
0011101001111
0101010111110
0111010101000
0100001001111
0101010011000
0101011001011
0011110011010
1010111100100
1101110110010
0001101101000
0110111110110
1101111111110
1010011111000
0100010110001
1101111010110
0100010101100
0100011100111
0111100110101
0001111101000
0111001001100
0110010111100
1010111101111
0000000100011
1101110110011
0100110101100
0101100101001
0111110111001
0111010100001
0110100011010
0010010110110
1000001101000
1001101001100
1000111110010
0001111101010
0101001000011
1010000010001
1101111100101
1000101010001
0110111001010
1001110010100
1100000101100
0101001100010
0111000110001
1001110010101
1001101001101
1011001001111
1010101111111
1101111001100
