32 2256
11010100010001001001010010101100
00011111110100100101100000010010
00011111101010001000100010110101
11001110001100111111110000000010
01001101110111101000001100100101
01011001001000100111101000000000
10110000011000110000011101111000
11010100001100100000101000110011
01010000101100111001001100111111
01010010010001111001000001111100
00101110001001100011111001000100
01010000101100111001001101011011
01001010011110110101111111111110
01001101111100101110000110100110
01011110101110101000000000011011
01010111011101111100101110010100
01000101000111110111111111110011
00101110111010001011000010100111
00001100011111111111111111111111
01011110101110101000000000011010
11000011110111100000011011011001
11011001110111001011111101110001
01001101111100011100111000001101
10101101111101100101010010001000
11000011111000010010111000000100
10110010000101000011011000000001
10110000011000110000010101100111
01011011111011001000000000001001
01110111010010010000011000000101
10110100100101011101100001011011
10111100111100010010011100000011
10101101111101100100000110101000
11000000011101010000111011101111
01001101010010110010001001100100
00111110001100000101100000101100
01001101001010110110100101010010
01010111011101111100101101010110
01010001110110101110101100000010
01010000101100111001001101000001
11010101000010001001001111000101
01011011110101100111001011010011
01101101011110001010101001111010
01011001001011101000001101111010
11000011000011001011011100001010
11010000010110000110110011111100
00011111000111001010100010111010
01111010100000010100100101010011
01011001001000100111100100000000
01011001001010110100101001001101
11011001010001001001000000000001
01110011101110101001100000001100
00111110000000000010001100100010
01010000101100100001011111011011
00111110010010111110010000000001
10110100010111001001010000001010
01010111011101111100101110010110
01010000010110111011110100000111
01010000101100111001001100100100
10101101111100111100011001011000
10101101111101100101101010000000
01010000101100111001001101011111
10101101111101100100110010100000
01011101011100011111101000001011
10101101111101100100000110000000
01101110001001000001000100010101
00011111110100100101100000010100
01010010110100110001111110000111
01011001001000100111100010111110
11010101100011101101101001000010
10110000001101010000110111000101
11010101111111001111010100000100
11010101110101010001101000000010
11000001011010011110111110111101
00011111001010010100011000101010
01011011111011000010000001100100
11011001110111001011111100111011
01110100001110100000011100001010
11000000011101010000111011100111
11011000101110110111110110000100
01010000101100111001001101100001
11000000011101010000111011100000
10111100101111100111001001110010
01010111011101111100101111001111
10000010110000010100001001010010
01010000101100111001001100111110
11000011111110001110101011101110
01011011110101101111100011111110
01111010100100000001100011111010
01010011111000000101001100101000
11010101000010001100000011110001
01001101010010110010001001101100
11000001011010011110111101000001
01010010010100001100110000111001
10101101111101100100010011010000
01001110011011000101110000111100
11010101100000100101111100001010
00101110010010000000001000001111
01010100111001010100111100101001
01010000101100111001001100110001
00011111000110000001110101111010
10101101111101100100010001011000
10101101111101100101011010100000
01011110100111111111001100111011
10101101111101100100110011011000
11010100001110111111111000000010
00011111000011110001000000000011
10110100010111001001001011011000
01001101010101110000110110001111
11010101011011111100101110000011
01010000101100111001001101010101
00111110100101010000011111100110
11000011111000010010111000010010
01011101011100111001110110111101
10101101111101100101111010111000
01010000101100111001001101101000
10110000011000110000011000011111
01010101011110001111101100000010
01010100010111101101010101111001
11000000011101011001100101110001
11000010000111001010111011110011
11011001000111010011100100010000
11000110101010000001101111100000
10000010110000010100001011011110
11010101000010001100000011111001
01011110100111111000101101000010
11010101000010001001001111001001
01010000101100111001001101011000
10110000011000110000011101110101
01011110101110101000000000011100
01010000101100111001001100100101
00011111000111001010100011000001
10110000011000110000011110011110
10101101111100111100111010001000
01011011110100111111010000110111
01001111100011100111000100101011
11000000011101010000111011101011
10101101111101100100111011111000
10110000011000110000111110101010
01010010010100001111110000010001
10111100101111100111110001110101
01001000000011111001011001110101
01010111011101111100101100101101
01110011101110101001000001001011
00101110001001001101101001011011
01010100010111111110110101101011
10101101111101100100111010011000
11000000011101010000111011101110
00101110111010001110000000001010
01010000101100110011111010011010
11010101000010001100000011111100
01010100010111111111000100000110
10111100011110001111011000100110
01011011110100010111111100110010
01010111011101111100101101011101
11000011110111110111100110001110
10110010000101000011011000101010
11001011101111011000000011010011
01010010100001111110001010001001
01010000010110111011111110101010
01001111011000100110110101110011
11011001000100100010101000000001
11000011111000010010111000000110
01010010011101100001001101101101
11001011011001011010010011111111
01010101110000111000101001111000
10111100101111100111010101010011
01010000101100111101101100000110
11000001011010011110111101100010
01010000101100111001010111001001
01011001001010110100101111110001
10110000011000110000010000111010
01010111010001011000110010011001
10101101111101100100110011000000
11010100010001001001010010001011
01010000101100111001001101001001
01010000101100111001001101111010
01001110100111110101101101010010
00011011111111110011110111011001
01001101011110000111001101101000
10101101111101100100010011011000
10111100101111100111010101000011
01001101011111010101000101011011
11001001000110000001100100101110
01101101011110001010110000111101
10110000011000110000010000111000
10101101111101100101011000111000
11000001001000101001010011110001
10110000011000110000010100011100
01010111011101111100101110000111
01010111011101111100101110101010
10101101111101100100101011010000
00011111110100100111101100000010
01010100111001000001100110101100
10110100100101011101110011100100
01001010010100101101101011111010
11010100001100100000110001001110
10110000011000110000011000101011
11000010011110000000000011111100
01010010100101010000000000100001
01010000101100111001001101100011
01001101110111011001111101101010
00101110101000010000000111001011
10110000011000110000010000111011
00011111110100100110110110001011
01010101100000100010110001011110
10101101111100111100101001011000
00011111000111001010100010111110
01010010110011111011111101101100
01011001001011000110101000111011
01010001110110101110101110101100
01010011111100110100000000001001
11000011100101010101111101001110
01011011110101000111110010000001
10101101111101100100110101101000
01010111011101111100101101001111
10101101111101100100110010111000
11011000001100011100110000101101
01011111011011110101010111111100
10010111000001111101110010000010
11010100101001011000000000000001
11000000011101000100010110010010
01001101001001011100101111101111
01010000101100111001001101110101
01010111011101111100101101010011
11000011010000001110000100110010
01001101110111011000111011101111
10101101111101100101100000000000
00111110100101010000000000010011
11000010010101110010110100111110
01011011110111111000010111001011
01001101010010110010001001100101
10110000011000110000011111100101
11000001101010011011110100000110
10111100111100010010011100000010
10010111000001111101110101010001
11010101000010001001001111001000
01101111010110001000001011000101
00011011011110110001000100011000
10110000011000110000011110011100
10111100111100010010011111000001
11000011100101010101111100010010
00111110011011010000001001011111
11010100101100110101001011010010
01011101011100111001110100100111
10110000011000110000010101100110
11010100010001001001010101111001
01000101101011001101101100000101
01011101011100111001111000000000
01011110100111111001100011111000
10101101111101100100010001010000
01010000101100111001001101110001
11001110001100111111110000000001
10110100010111001000110000110111
01010010110001100001011000010010
11011001101011000010101011100011
01111010100000010100100100011011
10100101111111100110000111110101
11000001011011011010010000000001
10110000001101010000101111001101
11000011110100110011111011100011
10010111000001111101110111100001
10011111111111010000010111100101
10110100100101011101100001001111
01010011111100110100000100000010
01101101010000000000100101001011
10101101111101100101111011000000
00001110110000001001011001011011
10111100101111100111001000001010
01011101101100111111101001100100
11010101101101110011100000001111
00111110010010111110010111001000
10110010000101000011011001000100
01011011011001111110100110110101
10110000011000110000011110000011
01011110100111111111001100110110
01010100111010011011101100100010
01001101010010110010001001101110
00101110001001100011001110000101
10010111000001111101110011000010
11000010001101100101001100000110
11010000010101010111000000010000
10110010000101001001110110100101
00011111001010100000101010010101
11000010001110101001101111101100
01010001110110101110101110101101
11000011000110000010001001110101
01011100010100000101100110110011
01010010010100000001000100000101
11011001010010101010011110101001
10110000011000110000010100010011
01001101011110000111100000011000
00111110001100000101100000001111
01011011110100010111111100111000
11010101000010001001001111010011
11010100000000001101001110011000
01010000101100111001001101111100
01001111101101110110111101010001
01010111011101111100101110111101
11010100010001001001110110000011
01010111011101111100101110000000
11001010001111111100000000000010
01011011111010111000111100100101
01010000101100111001001101000111
11011001010001010010011011011011
01001110100010100110001110001110
01010111010001011111011001010000
10101101111101100101101100000000
01010000101100111001001101110000
11000011101111110001100100000100
11000010101100010001001100101111
00101110001001100011100111101100
00011011111111110011110101010000
10110000011000100101111000000001
11011001110111000001100010000101
10100101100011111110000010111110
01010111011101111101111001001110
11000001110000011100100000010100
01010111011101111100101110111100
10110000011000110000011111100010
01010000101100110000111101010010
00101110111010001110000100100011
00011111110100100100110010010110
01001110100010100110001000100011
00100101000111001001101000100001
00111110110110110001011111001101
01010100111001010000010110011101
00001110110000001001101110000111
10011001001011010100101011110011
10110000011000110000010000100100
11000011100000000001001011111111
10101101111100111100011000110000
00101110000111010001001000010011
10101101111100111100011100101000
01101000100111000100110101011010
10110000011000110000011110011111
10110000011000110000111110101011
10110000011000110000010000111101
11010100011000101001000100110010
01011000110100000011000011011100
11010101100000100101111101011011
11010101000010001001001111001010
10110010000101000011011001000101
11010101000010001001001111000000
10110000011000110000011000101001
11010100101100110010001100001100
00000101001000101011011111000000
01001101010100011001110100010110
10101101111101100100101011100000
11011001010001000011000011111100
11011001110111001011111110101010
11010101000010001100000011110011
01001110100010100110010101101011
01011101011100011111101000001010
01001110100010100110010010011010
10110010000101000011011000010000
01001110100010100111111010111111
01010100010111111111000110000001
01001111011111000001111101100101
10110000011000110000010000111001
10001010110000100001010110011010
00011011111111110011011110110011
10111001000110100111101011011110
01010000101100111001001100101101
11000011100101010101111100110001
00011111110100100101100000011000
01010000101100111001001101101011
10101101111101100100010010101000
10110000011011110011111111111111
00111110100101010000101011101110
01011011110001101000000111011111
11010101000010001100000011111110
00000101110001111010001100111110
10110000011000110000010001000100
01010000101100111001001100100011
10110000011000110000111110010101
01010100010111110011010011001111
01011001001000100111100000000000
01000101000111110101111111110000
10101101111101100101111010100000
10101101111101100100101011011000
10110000011000110000010000101010
01011101011111101100101111001101
11000011101111011000110011111101
11000011001110001001011100110010
10110000001101010001010011101000
10101101111100111100100011011000
11011001110001000100100100100110
10110000011000110000011000101010
11000011111010101001010000000011
10111100111000010000000000000010
11010100101100110100110101110111
10000010110000010100001001111110
10110000011000110000010100010001
11010101000010001100000011111111
11000100100000000110001001010010
10101101111100111100101111111000
01101111010110000011001111011111
10110010000101000011011000101011
10110000011000110000111110100010
01010000101100111001001100111101
11000000011101100101110101011001
01010000101100111001001101001101
11000010101110100101110000111111
01010001110110100110110000010111
11010101100000100101111100011110
01010100010111111111000100000100
01010111011101111100101100111101
10101101111101100101100111000000
10101101111101100101011000001000
01011101101011111100000000100110
11000000011101011110100011010101
11010000010001110000100011010000
11010101000010001001100010100111
11000011111000010010111000010100
10110001100000110011010001010110
01010100111010011110001011001001
10101101111101100101010111010000
01000101010110100000110100001000
11000011101111110001100010000100
11000010000111001010110110000010
10110010000101000011011001000001
01110100000000000011110110110010
01010100010111101101010101111010
01011101100111011010111100100000
01001101011111010110110110011001
11011001010001001111000011111001
11010101000010001100000011111010
00011111110100100101100000010101
00011111110100100110001100001011
01001111011111000001111101101010
11010100110001111001100100010111
01010000101100111001001100101111
11000000011101010000111011100110
01110110011001111110001100011010
01010000101100111001010101100110
11000011100101010101111100110010
01010100010111101101010101111111
10101101111101100100110011100000
11010100110001110111110110010100
10011111111111010000011111001000
10110100010111001000100111011101
10101101111101100100100001101000
11010101000010001001001111010111
01011011110100011100111011001000
10000000011111111001100011111110
00101110101011101101000000100011
01010111010001000001010001010010
01001101010010110010001001100111
10111100101111100111011111100010
10101101111101100101010001100000
01011011110101111010100001100100
11010101000010001100000011111000
10111100010000000110001101011010
01010001110110100110110101110101
01101111010111001000111010111011
10111100101111100110010000110010
01010001110110101110011000000011
01010001110110101110111011000110
00011111001010011101100001011011
01001101110111011000111011101110
10111100101111100111111101110101
01011101011100111001110100000000
10101101111101100100010010000000
01011011111010000001011100000001
10110000011000110000011110000000
11010101000010001001001111011101
01010000101100111001001101000000
11000000011101011001100101110011
01010000101100111001001100100000
01001101011111101101001010110100
11011001110111001011111101011101
11010100000000001100110000111110
01001110011011001100111011001001
11000000011101000110110101000111
11010101100110110100100010001010
01010011100010010100100000000011
01010001110110101110110010011110
10101101111100111100010101010000
10110001010000111111111011111101
11001110001100111111100111111110
01010111011101111100101100011100
01011011110110111100001000101010
10101101111101100101110000000000
01010111011101111100101100111011
10111110011100110001100000110110
10110000011000110000010000010010
00011111100000000100001111010110
00111110110110110000011110011001
10101101111101100101010010101000
10101101111100111100101100001000
01010100010111101101010101111011
10110000011000110000011101111110
00011111000111001010100011001000
10110000011000110000010000100001
01001101010010110010001001101011
01001101111100101110001011111011
11011000101011000011011001110001
11000111111000000000100101110010
01010000111001100101110001100110
11010101111111001111010101100100
00100101000010011010100110101101
00000101001011010110011110001010
10110000011000110000011110001011
10111001000000100000000000000000
00111110010010111111110100010011
10101101111100111100000111011000
01010100111001000000001101000111
00111110100101010000011111111011
01001110100010100101100000100110
01011001001010100011000000000110
01011011110100111111010101111000
01011011110001101000000101110011
11010000010001110000100011001000
10110010000101001001100100011011
00011011111111110011110101111001
01010000101100111001001101101001
10110000011000110000011000100011
01010111011101111100101110011001
11010101100000100101111101010111
11011000001100011100100110100011
11010000011110100001011100010110
11001010001111111101100000110111
01011001101111101100110011111000
11000011010011101110010111100000
10111100010111111001111100010010
01010100111001000100011101000011
01001101011111110110101100100011
11010101000010001100000011110110
00111110011100010111001100000101
01010000101100111001001101100110
01000010101010111000001000000111
10010000000000000000000000011111
10000010110000010100001011011101
01000000111111101111111000010001
11010101000010001001001111000010
11000001011011011111011110100010
01010000101100111001001101110011
01110111010010010000010101011001
01011101011111101111101100111100
11010000010001110000100011011000
01101101110001111000110000100011
10101101111101100100111010111000
11011001110111001011111101011011
10111100111101111000001100000011
11000011101100101100110001101111
01001110100010100110100111011001
10110000011000110000010001000110
01011111100011000101000011011000
00011111001010110010010111111111
01001101111100011100111000001011
01010000101100111001001100110101
11000001011010101100110100011000
11000011100101010101111100100001
11010101000010001001001111011000
01010011111000000010100100000111
00011011111111110000000101101001
11001110110111111110000011100001
11000011111000010010111000011011
01101110001001111011111000100111
01010111011101111101110011011111
01010011100000100111001000001000
01010100010111111001010100000110
00011111000111001010100011000100
01010100010111101101010101111110
10101101111101100101011001110000
10111100111101111110000000000001
10110000111001000011011111110101
11010101110101010001101001110010
10101101111101100100100001110000
01010000010110111011100101011100
01011101101100111111101001110011
10110000011000110000011111100001
10101101111101100101101001000000
10110000011000110000010000101011
01010000101100111001001100101001
01011111001001100011110100000010
11010000010101010111000000000000
11000011001110101110101100110101
10101101111101100101011110000000
01010000101100111001001101011100
01000100010000110011111111110111
11000011001001111100010000100101
10101101111101100100111011011000
10110000011000110000010000101000
01001111011111000001111100110111
11010101100011101101101001000101
01011111100011000101000011111000
11000011000100111010110111111001
11010000010101010111000000110000
10110100010111001001010101000101
01011001001010110100101100000000
00101110001000111010110100110111
11010101000010001001001111000001
01010001010110010110010100010001
11010100010001001001010010001000
11000011111000010010111000010110
10101101111100111100001111101000
10101101111101100101010010100000
01010111011101111100101101101011
11010100010001001001010000100011
01010111011101111100101111000010
00101110001001001101101100011110
10111100111100010010011100000001
10110000011000110000010000010111
01011110100111111000111001010100
01010000101100111001001100101110
01010011111000000010100100000001
10111100101111100111011100001010
10101101111101100101010110110000
10000110010010111100011000010111
11010101100101011100101001100100
10101101111101100100000100010101
10110000011000110000110001100000
10110000011000110000011000011000
01010001110110100110110100110010
00011111000111001010000110101100
01010000101100111001001100101100
01010000101100111001001101010010
10110000011000110000011110000010
01010111011101111100101100000101
01010000101100111001001100111010
11010101000010001100000011111101
01011011110100000011110010100101
01010111111111110101000100110000
10111100111101111000001000101011
01010111011101111101110011011101
11010100001110001110000000101010
10110000011000110000011110100000
01110111010010010000010010010011
11011001000100100010100101000001
01011111011011110101010111111101
01110111010010010010101011100001
01101101101000001000001011100100
00111110110011011000010001000010
10101101111100111100011100001000
00101101001111010000000001000010
01110111101000000111011111101110
10101101111101100101100011000000
01010100111001011101111010110001
01101111010110000011001101010001
10110010111111101100000000011001
01010000111111001000000000001111
11000010000111001010110111101100
10101101111101100101010101110000
01010100000100110010011100101001
11010100010001001001010000101001
01010111011101111100101111001010
11000001001101010111110101000011
01101111010110000001101111011011
10101101111101100100110011010000
01000000011011100110100010000011
10110000011100000000000001100010
01010000101100111001101100000101
01010111011101111101110011001111
01010000101100111001001101010100
01010001110110100101110010010110
00000101011001011001100111110100
11000010101110111010110000000010
10110000011000110000011000011101
11010100010001001000001011001010
11000011000100111010101100000011
10010101100110100100001101001100
11000111111000000000100101110001
01011001101111000110110001101010
01001101011111010110000111000011
10111100101111100110010010001101
11010100001100010001000110010110
10110000011000110000010101100101
10110010001111010001010000110011
00011111110100100101100000010110
01010010010100000001000100000100
11000011111000010010111000010011
01101101101000001000100111101011
11010100010000100010000100111010
10010111000001111101110110000010
01010011111100110100001111110101
00101110111010001011010101000101
01110111001011100001000011111101
10110010000101000011011000010001
10110000011000110000011110010110
01011001101111101100110011110111
11000011110100010000111111111011
01011011110110000110101000011010
01001110100010100110010111000101
00011111110100100101100000010111
00111110100101010000110011101101
10111100011100000000010000111001
11010101000010001001001111010000
11011001110111001011111110000011
10111100011111111111100001111110
01110111101000000111010001010000
01101101111011001001101100000001
01010001110110101110111011000111
01010001110110100110110101011100
10101101111101100101011000011000
10110000011000110000111110011100
10110100100101011101111000100000
10010111000001111101110000010001
10101101111100111100000101000000
01010000101100111001001101001110
01110111010010010111000100101010
00100101000000000111101010101000
01001101111100011100111000001010
01000101000111110111111111110001
01101101011110001001001100001011
01011001101111000111111100110010
10101101111101100101110001000000
10101101111101100101110010000000
00011111001011110100100100000001
11010101101011101001110110000111
11000001011011011111011010000111
01101101010111110100100111110011
01011011110001101000000111111001
10101101111101100101011101000000
00100101000010011010100111100101
10010111000001111101110111010001
11011001000100100010100000000001
11010100110001111011011001001101
10110000011000110000010001000001
00011111110100100111010001111101
01010000101100111000110100101011
01011110100111111001010011010111
01011011110101101100100001011001
01010111011101111100101100011000
01010100010111111110110101101001
10110000011000110000111110011110
10111100101111100111010111100011
11000011111000010010111000010111
01010100010111111111010000101110
01001111011010001101000010101001
11000001011010011110111100000011
11010101100011101101101001000011
00100101000000000111110010010100
01010111011101111100101110010000
01010000101100111001001101011110
11000001011010100101110100100110
11000000011000001100111001110000
10110000011000110000010000110001
00011111110100100110001100010110
11010101011011111111001101100110
10110100100101011101110001111110
11010101000010001001001111010001
01010001110110101110111011000000
11010100001101001010011001101010
10110000011000110000011000000111
10110100101100101011111101000101
10000010110000010100001001010001
11000011101111011000110011111110
01101111010110001001010010100100
00111110010111011001000100101101
00011111100000110001000110011010
11000011111000010010111000000111
01011011110100110111011101110111
11010101100000100101111100011011
10110000011000110000011111001000
11010100101100110100110101111101
00101110000111001100101110011011
10110000011000110000110010101001
10101101111101100100010010011000
11011001110001001011111111111110
11010100000111000110000100010011
01010100111001011111000000010000
11000011101101100010000100110111
11010100001110001101011010001011
11010100001100100000101000110010
11000011100101010101111100001011
11000011001110001100101001100100
11000000011101010000111011100010
10111100101111100111111001110101
01001110000001011100110101110000
01010111011101111100101101100000
01001101011111110000000010110100
10111100101111100110000010000010
10101101111101100100110101001000
11010100000000001101001110001110
10010111000001111101110011111001
01010000010111010011100110110101
10100101111111100110000100000001
11000011000011001011111001111110
11011001000100100010100100000001
00000101011001010111000100111010
01011110100111111011011110010000
10101101111100111100110111111000
10110000011000110000010100010100
00101110000101101101010101101100
10110000011000110000111110010100
00011111100000110000010101010111
10101101111101100100010001110000
01010100111001001001110011101001
01011101011110111111110111010011
01011001001000100111100000100010
11000010000111000101010100001101
01010000101100111001001101010111
01010100010111101101010101110011
01010110001110100101000111001100
10101101111101100101111010010000
11000001011010011110111111100001
00100101000010011010100111001111
11000010101110111010110000000001
10101101111100111100101100101000
01001110100000000010000111001001
00100101110010000100010110111011
11011001000011000111100010011110
11000001111011111100100000010001
00011111000111001010100010001010
01010111010001001101011010011001
00111110011011010001110000101110
00011111110100100101100000011110
01011111100011000101000011110010
10110000011000110000010000010100
11000010101101010011111000010110
11001110110111111110000011100010
11001010100011011110000010000001
11011001110111001011111101110100
10101101111101100101010110000000
10000010110000010100001001111101
01001110100011100010110001110001
11000010000111000101010101000001
00100101000010011010100111110110
10110010111111101100000000110010
00011111000111001010100011000011
01111010100100000001100000110010
11010100010001001001010011010000
10110000011000110000011110001111
10110000011000110000011110001000
11000010000111000101011011000100
11000010000111000101010010100011
11010101000010001000110011011000
11011000110010010110001110101010
10101101111101100100111011010000
11000011100010011111101000000001
10110000011000110000010100011110
11000001000101111000111110100111
01101101011110001000000001100100
11000001011010011110111111100011
10111100111001111011100000110000
11010100010001001001010010101101
11010101110011000110101100110111
11010100101100110100110100111100
00101110111001011010000010101111
10101101111100111100001010100000
11000011110100111001011100011010
00011111101010001010100100100010
11001011100000100000111100001100
00111110100110000011111011110110
10110000011000110000011111010100
01001101010010110010001001101101
10101101111101100100010001101000
11000011111000010010111000010101
10101101111101100101101101000000
11010101110101010001101000101010
10110000011000110000010100010110
01000110001000111101000101100111
01010111011101111100101111000000
10110000011000110000010000101110
01010111011101111100101111110100
10110000011000110000111110010111
01010000101100111001001101100010
01010111011101011000101110010100
01010000101100110011111010011011
01010000101100110010100000100110
01011011110101111101101001100111
11010101000010001100000011110000
01010111011101111101110011011110
10111100101111100111010101001111
11000001110010011110001100000101
10101101111101100101011001111000
10111100101111100110010101101110
00011111100000110000010101100010
01010100010111111110110101101100
00011111110100100101000111000011
00111110100000000011010010110111
01110001110010111110010011010010
00111110100101010000110100101110
01001101110111100010101111000100
01010000101100111001001101111110
11010100010001001010000000011010
11000010101110100111100010010100
11000001011010011110111101100011
10101101111101100101011001011000
11001011101111000111011010001110
11010101000010001001001111001111
11011001000110100011011110100001
01010011111000000110010110100110
11000000011111000011100100001000
10111010000000101010000100000000
10110000001101010111110111001001
01011111001001100011110101100100
10101101111101100101010101111000
10110000001000000010011101001011
10110000011000110000011111011100
01111010100100000001100000110100
10111100101111100110011100010110
10110001110111011100001011111110
11000011111000010010111000000011
01010011111000000010100100010011
10110000011000110000010000100010
01001111011111000001111100111010
10110000011000110000111110010010
11000000100110010111111100000001
01011101101100111111101000110001
10101101111101100100111011001000
11000011010100011011110100101110
10110100010111001001100011001100
01011000010101110000000000000001
01010001000100011000001001101001
00000101011001011001100111110010
10110000011000110000011111100011
00011111110100100101100000011100
11000011101111110001100001100000
01010100111001011010100110110101
01011001101111101100110010100010
01011101011100011101110100010101
01011100001101111001000000000010
10110000011000110000010000100110
01011101011100011011101011001001
10101101111101100100100001100000
11010100111010011100011001001011
01011001000110010001110110110111
11000001011010011110111100000001
11000010000111001010111011101101
01000000000110101001011010100011
11000001000101111011010110000010
10110000011000110000010000011110
11010101110101110100001001000010
11010101100000000101010110101110
00011111000111001010001110010011
01101111010110001000011111011011
10101101111100111100110001100000
10101101111100111100100110101000
10110000011000110000010001001000
01001111101100000000111001001101
11000011111000101100000111100010
11001110001100111111100111111101
01010001110110100010101000010010
10101101111101100101100010000000
10110100010111001001110100010011
10110000011000110000010000001101
10110000011000110000111110101001
00101110000111001100110010001110
01110001110010111110111010010010
10110000011000110000011111011111
11000010000111001010111011100011
10111001000010011110011101011101
01000000111111101111111000001011
01001101010010110010001001101000
10101101111100111100110010111000
01001111011000100001101100100110
10110000011000110000011101111111
10101101111101100100110101110000
01010000010111011000001100010100
11001010000111000001111100010011
11010101000010001000111001101010
01010111011101111100101110001101
01010001110100011010000100000111
00101110000101001010010011010001
00011111101010000101101010001010
10101101111101100101110011000000
01011000110111100101100001000001
11011001110111001011111110011010
01000101000101101000101111111100
01001110100111110101100010110101
01001111011111000001111101101000
01001111011000100001101001010111
01010100111100101000011101000101
01011111100111101000011011110110
10000010110000010100001011011100
01010010110100110000110100011001
01011101101100111111101001100010
11010100001100100000110001000000
01110111000111100101001111011100
10110000011000110000011000000100
10101101111101100101011001001000
01010111011101111100101110011011
10110000011000110000010000010000
01011100001101111001001100000001
11000001011011011111011110000010
11010101000010001001001111001110
10100101111111101001001100000101
11000000011101011110100011010100
10101101111101100100110101010000
01010000101100111001101100101110
01010100111001000010000100010001
11010101000010001001001111001101
11010101000010001100000011110101
10110000011000110000010000100101
10110000011000110000010000011101
10110000011000110000111110100000
01010000101100111001101111111010
10101101111100111100011101001000
11010101000010001001001111010110
01011011110100010111111100110011
10110000011011110011111100000000
10110010000100111111101110011011
11001010100011110111111101011101
10101101111101100101101111000000
11010100010001001001010000100111
10000010110000010100001001010110
01010001110110101110110010000011
11001110001100111111110100010111
10111100010111010001001111000100
01010100010111101101010101110100
01011011111000100100101000000101
10111100101111100111111001110100
01010101110101000001111001100011
01010100010111111111000110011111
11010100010001001001010010001010
11000011000011000011110100011001
01010000101100111001101111101101
01010111011101111100101101010111
01011011111011000011100101000001
01010101011110001111101110011010
11011001110111001011111110011100
01010111011101111100101100011011
01101111010110000010100111101010
00011111001011000001001000111101
10101101111101100100111010101000
11000011111000010010111000000101
01011100001101110011101110110101
01011111001001100011110101110011
01110001110010111111001000001010
10110000011000110000010000101101
11000010000111001010110111100111
10110000011000110000010100100011
10110000011000110000010000011010
01011011110100010111111100111001
11000011110100100001110011100001
11010100110001111100011001100111
01010111011101111100101111010000
11010100010001001001010010000100
01011100001101111111101001010101
01010011110111100000111101100100
01011011110001101000000111100101
01010101000110011101011111101010
01011110100111111100001000100001
11010000011110100001011100010111
10101101111101100100110010101000
11000010000111000101010011010000
01010101010111111101101011111110
01010111011101111101110011101000
10111100101111100111011100010110
10110000011101110001101010000101
11010100000000001101001110011010
01001110011011001010111100101001
11010000010000000110100000001010
00111110110110110101101011000010
00011111110100100100010011101010
11000001011010011110111101000011
10011111111111010000011101001010
00101110000101011010110001111100
10110000011000110000011000101111
10101101111101100100110101100000
01000000101110111011111110001100
10101101111100111100100001101000
01010100010111101101010101110000
10111100101111100111111001011101
01010111011101111100101110110111
01001101011111011010001100111111
01110100010110100110000100100000
10110011000000001100111000001110
00101110111001011001111000000001
10101101111101100101011000010000
01101110001000100010011010010011
10101101111101100100111011110000
10101101111101100100010010001000
01001101011111011111010000111010
01010010110000111110001111101000
10111001001100100001101010000011
10101101111101100101010110100000
11010100101111010101000101000110
10000110111111111101101010010100
01101101011110001011000101100110
00101110001011011011001001000101
01000000111111101111111000001001
01011001001010110100110000000000
10110000011000110000011110010111
01011100111110111111111111111110
10000000011111111000110101011000
01010100001001110110111000101000
00011111110100100110110100011010
10000010110000010100001001010100
11010000010001110000100111001010
00101110001001101111000101001101
10101101111101100100010011101000
01001101110111011001101100001010
10110000011000110000010100010101
01010011111000000110010110100111
10110100101100101011000011110000
01001101110111101000111001001111
11000010000111001010111011100001
10101101111101100101011000110000
11000010101101001010000001100100
11010101100110110100100000111100
10101101111101100100000000111000
11000010000111000101010100000010
11010100000000001100000010100011
10111100100010100110000100100110
10110000011000110000111101111101
01010011110111000011001100001001
00101110001011011001000011000010
01010100111001011110011001010010
10110000011000110000111110011001
01001010011110110101110110110000
11000011000011001010100110111001
10110000011000110000010100011001
00111110100101010000110100011111
11000011010100011011110100111101
01111010100100000001100001000010
11000011001110001100101010100110
01010111010001000100011101110001
01010000101100111001001101110111
10110000011000110000011000101101
01010010010100001100010001010011
10110000011000110000111110011111
10110000011000110000010000100000
10111100111101111000001100000010
11010101110101010001101001000010
00111110100000000111000000001101
01000000011101111101010101010110
10101101111101100101011010010000
01010001110110101110101110101111
10101101111100111100100100100000
00111110011011010001110011110110
01001110100010100110010001111000
10110000011000110000111110011011
00100101000010011010100111111001
11000000011101010000111011100011
10101101111101100100100001011000
01010111011101111101110010011111
00101110011001001000110111010000
01001101010010110010001001100011
01010000101100111001001101010110
10010111000001111101110001000110
01010000101100111001001101010011
11011001110111001011111110000101
11010101000010001001001111010101
11000010000111000101011100000110
11010101100011101101111111110011
01010010101100010011011001110100
10110000011100000001011100101101
10110000011000110000011000110000
00011111110100100101100000010001
10101101111101100100010001001000
10000000011111111000110101011001
11000011111110001110101000010111
01010111011101111100101111011110
00100101000010011010100111110001
01011111100111101000011100011110
10110000011000110000010101101000
00011111000111001010100010111111
11000001011010011110111110100001
01001101111100011100111000011100
01001110100111110101100010101010
11000011101111011000110000010010
11000011010000001110000100101111
01010100010111101101010101110110
00011111000111001010100010111101
01001111011000100110100010000011
11000010000111001010110011101100
01010010011101100001001101101111
01010011111000000010100100011001
01001101110111011001010101101010
01001101011111010000011101000001
11010100110001110110000111100100
10101101111101100101010001010000
01010010010100001101100100100100
11010101000010001000110111001101
01011111001001100011110001101100
10110000011000110000011110001101
10101101111101100100101011000000
10111100101111100111111101110110
01010100111010011110001011001000
01010111011101111100101100101011
11000001000100111111001000011100
10110000011000110000011000100101
11010100001110111111111000001010
01010100010111111001010100000001
01010100010111111110000101100010
01010100111010011011101100100001
11010101000010001001001111011110
10110000110000001110000000000011
11001010000001011001000010111011
01010011100010111100000000000001
10100101111111100110000111111110
10111100101111100111111101110100
10101101111100111100101111010000
11011001010001001111000011111010
10110010000101000011011000010011
10111100101111100111111101110111
10110000011000110000011000100010
01011110100111111011111001001000
01001111011111000001111100111000
01000000111111101111111000001100
10101101111101100101100100000000
01001101110111011000011001101110
00101110000111000100001001110001
10010100111110110011010010011010
11000010100100101011111011011010
10111100111101111000001000000011
11010101110010111111010100000110
01010001110110101110110010001000
00011011111111110011110110101001
00111110100101010001100001000100
01011110111101101011001100001111
01001101010010110010001001100110
11000010000111001010111011110101
11000000011101010000111011101101
10111100101111100110011100011001
11000011101111011000110000010011
01010100010111111001010100000010
01001101011111101001010011100110
10110010000101000011011000111100
01011101011100011011100000000000
00011000110010001101001000000001
10110000001101010111100000001010
01010010010100001110110001100101
01011110100111111001010101000011
11010101110101010001101010010010
11011001110111001011111110101000
11011001110111001011111110100011
01010010011101101001000010000101
10010111000001111101110011000001
10110000011000110000010100011010
01010010110011111011111111011100
11000001011010011110111100000010
01010100010111111001010100000011
11000010001111100001011100101000
01010011010001011101101000100011
10110000001101010111100000000011
00011111110100100101100000011101
00011111100000111111110000100110
11000010000111001010111011110000
00000101000000010000000100000001
01111010100100000001100001100101
11010101000010001001001111000111
11010101111011100011110110000111
01001110001010001000101100011000
01011011111010010110010000001010
01010000101100111001001101001011
01010011111100110100000000000001
10110010000101000011011000101001
11000011110111100001000101111010
01011011110100010111111100110110
10111100101111100111000110010101
00101110100010010110101010101111
11010100010001001001010011111011
01011001011011001011010100000100
10111001001100001011000010000011
11010100001110001110000000000010
00011011111111110011001101000100
01010100010111101101010101111101
10111001000010000110100100101101
11010000010101010111000000100000
01011110100111111000101110110011
10110010110100110010100000000010
11011001000111001111101110101101
10010111000001111101110100000111
01010010010100001110110001100100
01001101110111011000001000010000
11011001110111001011111110011001
01001111011111000001111100111011
01010000101100111001001101010001
11000000011101010000111011100101
00011011111111110011110111110100
10111100101111100110001100011110
10110000011000110000010100010010
11011001110111001011111110010110
11011000001100011100100100010110
01011111011011110101010111111011
10110000011000110000010100011000
10110100010111001000011101001001
11000011001011111111110100001101
10110000011000110000011000001000
10110000011000110000010000000011
10110000011000110000010000100011
01011100001101111001001100100100
01010100010111101101010101110111
10110000011000110000011101111011
01010011100000100110101100101110
00011111101110100110010010100010
01011011110100001100011011000110
10111001000010110100100010010101
11010100010001001001010000100110
01010111011101111101110010100010
01001101011111101010110010110010
10110000011000110000011101111010
01011011110100010111111100000010
11000011000110000010001001011000
00011111110100100100010111000011
01010000101100111001001101011101
01011001001010110100110101101010
01001101011111111000110010001010
11010100110001111111011011000011
01011011011110111011000000010111
01011100001101111001001100000010
11010101100000111110101111110011
11001011101010100100111111100101
01010001110110100101110011010110
01001111101100001100111010000100
11010101000010001100000011110111
01010100010111111110110101101101
11000010010101010010101111000010
10110000011000110000011000100110
01001101010010110010001001100001
10111001010000011111010110101100
01011111110101011010001010011100
10110000011000110000011000100111
01010001110110101110111011000101
01000101000111111000011111110000
00011111110100100110101110100100
11010101100000100101111101100001
10101101111100111100110001110000
01010100111101101001010000000001
01010010100001111110001010001110
11011001010001000011000011111101
11000011010000001110000100110011
01010000101100111001001101000110
11001011100100001110010111111101
10101101111101100100110011101000
10101101111101100101010110101000
11000011111110001110101010001010
01010111011101111100101100011111
11010100110001110010110010000101
00011111110100100101100000011011
11010100000000001101001110001101
10010111000001111101110100010111
10110000011000110000010001000011
01001111011111000001111101100011
10111100010000000110001111111001
01010111111100100100101011101111
00101110011001101111110010110100
10101101111101100100111010010000
10101101111101100100010010110000
01001110100010100110001011100110
11011111000111011110011011100100
10101101111100111100110100110000
00111110010011001100111100011000
11000010101110100101110000111000
10110100010111001001100000001101
01010001110110101110110010000101
11001010010001010010110001001110
11000001111010110010011111110001
00011111100000110001000000110110
11000000011101011001100011001011
00001110110000001000011000011100
10101101111100111100100001010000
01011101101100111111101001100011
10110011000000001100111000001010
01010100010111101101010101110101
01010011111000000010100100011100
01001101010010110010001001101001
01011111100011000101000011100100
10101101111101100101011010001000
01010111011101111100101110110000
10111100101111100111000110010110
11010100010001001001010010000111
10111100101111100111100001100100
10111100101111100111010101001010
01011001001010110100110101100110
11010100011000101000111100110010
01010111011101111100101110011100
01010011100010010011011000011001
10111100101111100111000110010100
10101101111101100100111010110000
10111100101111100111011101111100
11011001010001000011000101010101
10110000011000110000011000011001
01001110100010100111011010000010
01011100001101111001000000000001
10101101111101100101101011000000
10110000011000110000110010101010
01010000101100111001001100101011
01011110100111111110110000111011
01010100010111111110110101101110
01010101011100100000000001110110
00100101000000000111111111111110
11000010000111001010111101011110
01010100111001010001100100010100
01011100001101111001000000001011
11010100010001001001010010000110
00011011111111110001011111101100
01011001011011000111010001101000
01110100001110100011110101011001
01010000101100111001001101111001
01010111011101111101110011010111
11011001010001001111000011111000
00101110001011011000100011110010
11000011000100111010101101110110
01011001001010110100110100000000
10101101111101100101111010101000
01110100001110100011110100101001
01010100010111101101010101100100
01000101000111110111111111110100
10110010000101000011011000101000
01101101010001001111011100001110
00100101000010011010100110000011
10101101111101100100010011100000
01010100010111111001010100000101
01011100111100000000111100000001
10111100101111100111010111100010
00000101001101010001101001000101
01011011110110100010011011100100
00011111110100100110001100011110
10111100101111100111110101110011
11010100010001001001110110000100
01001110100010100110001010110000
01010111011101111100101100110011
01011110101110101000000000011101
10101101111101100101011001101000
01010100010111111000100110011001
01010000111001100100110010010000
01010000101100111001001100100111
00101010011110001000111011011100
01000000011101111101111000100010
11010100010001001001010010000101
10110000011000110000010100011101
11010100010001001001010011111110
00111110100100010111111100000011
01101111011101111010010010100110
10110100010111001000111000110011
10010001111010100100011000010001
00111010000110111100001011100110
11011001110111001011111110011101
10101101111101100101010001110000
10000010110000010100001001010101
01011011110000101111101111111110
11001011100100001111111000101001
10100101111111100110000100000101
10110000011000110000011110001010
01001111011111000001111101101011
10111100101111100111011101011010
01010000101100111001001101011010
01010111011101111100101101110010
01101111010110000010010010100010
11000011111000010010111000000001
10111100111101111000001000000001
01001110100010100110100010100011
10110000011100000001011101101001
10110000011000110000011110000100
01011011110101111010100000010101
01010010100001111110001010001100
10110000011000110000011000000101
10110000011000110000010100100000
01011011110110111100001111001000
11000010101110100111100011101001
01010100010111101110011011111100
10110010001111010000010101000010
01010000101100111001001101111101
10000010110000010100001011011111
11000001001010010101010000100001
11011001110111001011111101000111
11000011010111011011010110100100
10111100101111100111100001011010
01011111100111101000010010111011
10101101111101100100110010011000
11010101100011101101101001000100
01011001100100101111011111111000
10110000011000110000010000010011
11000011101111011000110001000111
01010111011101111100101111100001
01010111011101111101111001110101
01011011111001110101011001100001
01001110100010100110100010011110
01010100010111101101010101110001
01011100111100110100110110000110
10101101111101100101100101000000
01111010100100000001100010000010
01010000101100111001001101001100
11000011100101010101111100010100
00111111100011011100111111110000
01010001110110101110110010011100
01000000111111101111111000010000
11011001101011011100101100001011
10010111000001111101110000000001
11000010101100010001001100101110
10010111000001111101110100100001
11011001000011001100011101101000
11010101000010001001001111011100
00111110011110111101001000001001
11000011010111011011010111011001
10110100100101011101110011011010
10110000011000110000011110011011
01101101101000001111010001010100
00111110010011001011100100100010
01011001001001111001000111111111
10110000011000110000011110001001
10100101111111101001001100000010
10101101111101100101111010110000
01101111010110000000101111010100
10101101111101100101010001011000
01000010101010111000000000110101
01010010010100001101111111011100
10101101111100111100101010101000
10011111111111010000011110011010
00000101001000101011001000110100
11011001110111001011111110100100
10000010110000010100001011011001
01010111011101111100101101000001
01011011110100111111010000011101
01000101000111110111111111110010
10101101111101100100111011000000
00011111000111001010100011001001
01010000101100111001001101000010
10011011100001010010001101000000
11000010000111000101011110011100
01010000101100111001001101110100
01001101011110000111100001010100
11000010101110100111100011101010
01010111011101111101110011011010
00111110100110000011011011010110
01010001110110100101110011101110
01011011111011110001101111001001
01010111011101111100101101100011
11011001000100100010100101000010
10110000011000110000111110101000
01011101011100111001111100000000
01010000101100111001001101110110
01001101011110000111100100110110
01010000111101101101100110001010
10110010000101000011011001000000
00111110001000000010011110001011
01010001110110101110111011000010
00101110111011101101000111011000
00000101111111100110000100110000
11000010001111100001011111000111
01010011111000000010100100001010
11000010000111000101011010101010
01010000101100111001001101101010
01010000101100111001001100110010
10101101111101100101100110000000
11010101000010001100000011110010
10110000001101010000101111010000
01011100001101111001001100001001
00011111000111001010000110101110
11000011101111110001100110001011
00101110001001100011111010010000
11010100001100100000000000110101
01010000101100111101101100000111
00100101100111011001000011110111
10010111000001111101110000110001
01010010110011111011111100110010
01011110010011110011011101110011
01010100111001001111000111100111
01011011111011000011100101111011
01010001110110101110101111111101
01001000001011000101110111110110
11001111011100000011100001010000
10011110100001001111111000011110
11000001111011111001100011111110
01011101101100111111101000001010
11000011101111011000110000110111
11011001010001001111010100000001
10101101111100111100110110100000
01011111001001100011110001110010
11000000011101010000111011101001
11010100011101011000010000101001
01001000000011111001000100000110
10110010000101000011011000000010
10110000011000110000010000111111
01010100010111111001010100000100
01010000101100111001001100110000
01001101110111101000111011001100
00111110100101010001101111001100
10111100101111100111010101001101
01011001101111101100110010100110
01000101000111111000011111110011
01011001001000100111101100000000
10110000011000110000111110100001
01010000101100111001001101011001
11000011110100010000111111101011
11011000001100011100100100010101
10111100101111100110010001100001
01001110100010100110100110010011
01010000010101001011100100111010
11010100001011010100001100001011
10111100111100010010011100000000
01011011110100010111111100110101
11011001000011000111000101110010
11000011101111011000110000000010
11010100101100110010101000010010
00011111000111001010100011000000
01110110011001111110110011011100
10110000011000110000011111100000
01011111101011000100111101000100
01010000010101011111011000001100
01101101010001001011111010101101
11010100110001111000111111100010
01010000101100111001001101001000
11000110001011110111111011110000
00011111110100100111110010011111
10110000011000110000010000110011
00100101000010011010100110010001
01011001000101010101110000000101
00011000110010001101001000000000
11000001011010100101110001010100
10110000011000110000010000110100
01011011111000011000100100101000
01010000010011010001111111111110
00011111001010011101101011101000
11000011101111011000110000001001
11000000011111000011100100000111
10101101111101100101010110001000
01011011110001110111001000010000
11010101000010001001001111000011
10110000011000110000011111010110
10111100101111100110010000111100
10010111111110000000000001110110
01001101010010110010001001100010
01010000101100111001001101100111
10110000011000110000111110010000
01010001110110101101011011010011
10100101111111101001001100000001
11011001110111001011111101101000
01010111011101111100101100100110
01010001000100011000100110010001
10101101111101100100110101011000
11001010001111111100011011010110
11001010100011101001000000011000
10101101111101100101010001000000
11000011111000010010111011110101
01011100111100110100100110000101
10101101111101100100100001010000
11010100001101001011010011111010
10101101111101100101010111000000
01101111010110000010001111011101
00011111110100100111000001111101
00011111110100100101100000011010
01101111011101111010101110100000
01010011111000000010100100000100
01010001110110101110101110101001
11001010001111111100001000000001
11000011101111011010000100010100
10111100111101111000001100000001
10110010000101000011011000000011
11010101100000000100001010011111
01000011111001101000111101000101
01011011111010000001110100101010
01010000101100111001001101001010
00111110101011000001010111010101
00011111000111001010101010110100
11000000011101011001100101110010
01010000101100111001001100100010
01011011111001101100001101110100
01010001110110100110110000010010
10101101111100111100111001110000
01110110011001111110000100111100
01110111010010010000000100000001
10101101111101100100101010111000
01011000010100000000010110011101
11000010101110100101110001001000
01101101010010001001101100110000
10110000011000110000011000000110
10110100010111001001100111000000
10101101111101100100010010111000
01010100111001010110111011111001
01010000101100111001001101100100
10110000011000110000010001000101
11000011110100010000111111110101
01101000100111000100110001101010
11000011010100011001101100111100
11000010000111001010111011100101
10110100010111001000100011100111
10110000011000110000111110011101
11000011110111100000000101100011
11010000010101010111000000001000
11010101000010001100000011111011
11010100010001001001010011111101
11000001011010011110111110000010
01011100001101111001000000001110
11011000101110110111110110000101
11001001000110000001100100111110
10110000011000110000010100010111
10010111111110000000000010101011
01010001110110100010101000011010
01011011110110100010011010000010
10110000011000110000011111100100
10000010100110110110001000000001
10100101111111100110000100000010
11010101000010001100000011110100
01000000111111101111111000001000
10010111000001111101110101010010
10110000011000110000011111100110
11001011100110111111111101111000
10111100101111100111000100111100
10110000011000110000010000101111
01010000101100111001001101111011
01010100010111111110110101101000
01110110011001111110111011011101
10101101111101100100111011101000
01110110011001111110100101001000
01011101011100011100110000001011
10110000011000110000010000010001
10110000011000110000011000100000
11000000011101100101110111101001
01010001110110101111100101010011
10111100111101111110000000000011
00111110110110110110110001000011
11010101110010111111010100010001
00101110101001001000101100001011
01010001110110101110011010010110
01001101011111101101000100011110
10110100100101011101010010010101
01011011110100010111111100111011
10110011001111001001010110100111
10101101111101100101011111000000
01010100010111111110110101101010
01111010100000010100100101100010
01010000101100111001010101111011
11000000011101010000111011100001
11011001110001111101100100001111
00101110001001100011001010000110
00000101001011010111011101110111
01011011110100010111111100110111
10101101111101100101101110000000
00100101000010011010100011111000
00011111001011110100101100000001
10101101111101100101111010011000
01011011111100001000011000010001
11010100010100110000000001111000
00111110110110000010101011110001
01011011111010111000111000110001
10101101111101100101011010000000
11011001000011001100011111111011
11010100010001001001010000100100
11000010000111000101011110101000
00101110011001001000110110100111
00011111100000111111110000100101
10101101111101100101100001000000
11000000011101011001100101110000
10110000011000110000011000101100
10001101011110100000100110011111
01010000111110011110010100111010
10111100101111100111011000100110
01010011100010010100100000000010
10111100101111100111000000001010
10101101111101100100110010010000
01001101011111011001111110011101
01011100001010111101100001010101
00100101000000000111111000011101
10101101111101100101010110011000
10110000011000110000010100100010
01011111001001100011110110001100
10111100101111100111010101010101
10110000011000110000010000110000
10110000011000110000010000100111
01010000111001100011011011100111
00111111100011011101101111110000
10000010110011001000111101001000
01011100001101111001000000000011
10000010010111111001110011001110
01001111011111000001111100110101
10101101111101100100101011001000
01001111100011010001111000001000
10110000011000110000010000000010
10110000011000110000011110000001
10110000011100000001011100110111
01001111100011011011000001100011
01001110100010100111011001111110
10110000011000110000011110000110
11010100010001001000001011001111
10101101111101100101010010010000
01010010010100001111110100001111
01001110100010100110011011011100
11010101000010001001001111011001
01010011111000000010100100010110
01011110101111101100000110010100
01011011110001000101111100000001
01010111011101111100101101010010
10110000011100000001011101011111
11000011101111110001100000001111
11000111101001110001010100000100
11010000010101010111000000111000
11001010001110011001001010010101
11010100010111111010001011100000
01010000101100111001001100110111
01010000101100111101101101011011
01011011110110100010011010011101
01010001110110101110101110101110
11011001110111001011111110011000
10010111000001111101110110110011
11010101000010001001001111001011
01010000101100111001001100110100
10110000011000110000010000011111
01010000101100111001001100101010
01010011111000000010100100001101
11010101100000100101111100000001
10101101111101100101011000000000
11010100101100110111001101010001
01010111011101111100101100100100
10110000011000110000011110011001
10000010110011000110110101000110
00111110100101010001100010010010
10101101111101100100110011001000
01010100001010111001100011011000
01010111011101111100101111010010
01001111011000100110110001000100
10111100101111100110011100010010
11000011001111000101000011001001
10000110010010111100011000010101
11011001110111001011111101110000
01010000101100111001001100101000
11000011101111011000110011110110
01010111011101111100101110000100
01011100111100110101000000010001
11000001011010011110111101100001
01001111011111000001111101100111
01110111101000000111011110010010
01101111010110000000001111011101
10101101111101100100010011110000
10010111000001111101110000100001
10010111000001111101110001010001
01001110100010100111011010000001
11000001011010011110111101000010
11010100000001110100000011010101
11000001011010011110111110000001
10110000011000110000111110100111
01011011110100111111011011110000
01011001001010110100101000000000
10010111000001111101110110000001
01110100001110100010100110111011
01001101110111011000111011101100
01010000101100110011000010001000
01010000101100111001001100111000
10101101111101100101011000101000
11010100110001110000011001010001
01010011111000000010100100010000
01011011110011111011100101101101
01010000101100111001001101110010
00011111110100100110001100010101
11010100000110010101001110010110
10110000011000110000111110010011
10111100101111100110011100100110
01010100010111111001010100001000
10101101111101100100010010100000
10101101111101100100010001100000
11000011010001011011101001010000
10100010111110011010010001100011
01010111011101111100101111100100
01001101111100011100111010000111
11011001000110100011011011111000
01011011110000101110000111101000
10101101111001110110000001001011
11000001011010011110111111000011
01010100010111111001010100000111
00100101000000000111100111100011
00011111100000000100101100011010
01011111001001100011110110011111
01010001110110100110110101010110
01010111011101111100101100011010
11000011111000010010111000000010
00100101000010011010100111111010
01010111011101111100101101100010
00111110100101010000110100100000
11000001011010011110111111100010
01010011110111000011001100001010
10010111000001111101110011010001
01000101101011001101101100000100
10110000011000110000111110011010
00111110110110110001011111001000
01111101110100010101000000111101
11000010011010110001001000100101
10010111111110000000000010101001
11001011100101001100111100111101
11010100010001001001010011111100
11001110001101110101001111111010
01010100010111101101010101111100
01101111010110000001000101110110
10110100010111001001010001010111
00011011111111110010010110011001
11010100000110010111100100010110
10110010000101000011011000111101
01010010110011111011111100001110
01010000101100111110101100000111
00011111110100100110001100001101
01010001110110100101110110001100
01011111100111101010000110011010
01011101011100011111101101100100
00111110110110110011101000001110
01011011110001000110010000111110
10110000011000110000010000111100
10101101111100111100101000001000
10110000011000110000011000100100
01010011111100110100000100100110
11011001110111000001100010000100
01011011110010011010111100110100
10110000011000110000010001000010
10101101111101100101010110010000
01110111010010010010100000111111
11000011100101010101111101001111
11000001110000000011101000101001
01101101011110001010000100100011
11000000010000111100011000000110
01001010011110110101111111100000
10110000011000110000011000010111
10101101111100111100001011100000
11000011111000010010111011110000
10111100111101111000001000000010
10110000011000110000011110000111
10110000011000110000011110010001
01011110100111101010110101110010
01010100111101101001000000000001
10110000011000110000010000101100
10111100101111100110001100001110
01010111011101111100101111100011
11011001110111001011111110001001
10111100101111100110001000000010
01011011110100010111111100110100
01001101010010001010111001000110
10110000011000110000010000111110
01010100111001000101001001000100
10110000011000110000010000110110
11000010101110010000000001001011
01101111010111001000100110101001
01011000010100001001110110101010
01011110111001101101010111001100
01011011110100111111010110001110
11010100101100110100110100100011
01001110100010100110001000101000
01010001110110101110111011000001
01000101000111111000111111110000
01011101101100111111101000111011
01101101101000001011110000110101
11010100000000001101001110011001
10110000011000110000010000110101
10110000011100000001011100110011
01010111011101111101110011010000
11000011100101010101111100000111
00101110010010000010000111001010
11000011111010101001010000001010
11010101000010001001001111010100
11000000011101010000111011101000
01110110011001111110001111010010
11000001011010011110111111000010
10110000011000110000011000101110
10101101111100111100010110000000
11000011001011111111010111000110
01011011110100111111010000100010
01011100001111110110111011010100
01001110001110101000101110101000
01010001110110101110101111111100
01010001110110101111100101011100
10110010000101000011011000000000
01011001001000111000001010000101
10101101111101100101010110111000
01011111100111101000000101111011
01010111011101111100101111000101
01010111011101111100101111100000
10110000011000110000011110000101
01010111011101111100101111010011
10110000011000110000011101100101
10000010110000010100001001010111
10101101111101100101010001001000
11000011101111110001100101111110
00011111110100100101100000011001
10110000011000110000010001000000
11010100101100110100110101000000
11000011111000101100000111100001
11000000011101011011110000101001
10111100100001111000111111111110
01010111011101111100101110100101
11000000011101010000111011101100
10101101111101100101011001100000
10110000011000110000011000101000
01010111011101111100101101110100
10010111000001111101110101000001
11000011111010101001010000000010
10110000011000110000011110001100
10101101111101100100110011110000
00000101000101000000001000101101
00101010011110001000111011011110
11010100101100110111000000010101
10110010000101000011011001000010
01010111011101111100101100011001
11010000010001110000100111010000
11000011111000010010111000011000
00011111000111001010100010111100
00101110001011011011111000110011
01001010010100101100111100011010
01011100111100001110101111010100
10110000011000110000111110010001
01010001110110101110101110101011
11010100010001001001010000101000
11000001011011011111011010010001
11000011100101010101111101001010
10101101111101100100010011001000
10110000011000110000111110100110
01010000101100111001001101001111
01001111011111000001111100110011
01011001001000100111100000000111
01010100111001001101001001101100
01010000111110011110001101011011
11010100010011011010000100000011
11000000011101011001100011010000
11011001000100010101010101001010
11011001110111001011111110001010
01010111011101111100101110001011
10110000011000110000011110011000
01101101011011100101000100000110
11011001110111001011111101110010
01011011110100010111111100111010
00000101001011010111011011101111
10010111000001111101110010000001
01010000010111001010010000101101
11011001110111001011111110100000
11000011101111110001100000100110
10110000011000110000010000101001
00011111110100100100101101111110
10110000011000110000111110010110
11000001011011011010010000000010
01010001110110101110101000010101
00101110001001100011111110111111
10111100101111100111001001101101
10110000011000110000011110010000
01000101000111111000011111110001
11011001010001000011000101001011
11000010000111001000010000110010
01010000101100111001001100110011
10111001000100100011100100101010
01011011110101100111001010001000
10110010100001001100111000111001
01010100010111101101010101100101
01101111011101111010010101110101
11010100110001110000100001100100
01010100010111101101010101111000
00111100000011000010110111110010
10110000011000110000010001000111
10110000011000110000010000001001
10101101111101100101010010110000
10110000011000110000011110001110
10101101111101100101011000100000
01001110100000101000010000101111
01010001110110101110101000010011
10101101111101100100111011100000
10110001010000111111111011111110
10110000001000000010010111111011
11011001010001010010000001010011
10110000011100100000001110011011
10111100101111100110001010110100
01011001101111000110110101101010
01010111011101111100101111001001
10101101111001110111001001101010
01010100111001001100011000011100
00011111110100100110100001100101
10101101111101100101010010000000
11010100110001110110111001100111
01011100001101111001001100000011
01010010011101100001000001011110
10110000011000110000011000011110
10111100111101111000001001101100
01010000111101101101100110111111
01010001110110101111100101000100
01010100110010000011001100100010
11010101100011101101101001000110
01110001110010111110011100110100
01001100010011001110111110101101
01011111100011000101000011110110
11010101000010001001001111000110
01011111100011000101000011110101
01010111011101111100101100111001
00011111000111001010100011000111
10100101111111100110000100000110
01010100010111111111000000000110
01010010011001101010000101100100
10111001000111110111101100000001
01010000101100111001001100111001
10111001000110010111010000110001
11000010000111001010110111110000
01010111011101111100101111101111
10110000011100110101011011100100
10111100101111100111100010010010
10110000011000110000010000010101
10000010110000010100001001010011
00111010000110111110000111001011
10101101111101100101011010101000
11011001000011001100101101110101
10110100100101011101100101000111
01010001110110101110111011000011
10101101111101100100110010110000
00011111000111001010100010100010
11000000011101010000111011101010
01010000101100111001001100111011
01010010011001110110011111111100
10110000011000110000010000110111
01011011111010001000110010110100
10110000011000110000011000100001
01001101010010111111101100101101
11000000011101010000111011100100
00011111110100100111101111001110
01011011110101000101000011001001
11010100001110001101011011000011
11000001001010010101010000100000
11010000010001110000101011001100
01010100010111111001010100001001
01011101011100111001110000000000
01010010010001111001000001111101
01101101101000001100001010001111
01011100111100001110101111010011
10101101111101100101010001101000
00101110101000010000000000000001
00111110010011001011110011011100
10110000011000110000010100011011
11000001011010100101110000011111
11010000010101010111000000011000
01011001110101111010100101101100
11000001011010011110111110000011
01010010010100001111010001110010
11010000010001110000100111011000
11001010001111111100011101010110
10110000011000110000011111010101
01011011111000011010010111111101
01010100010111101101010101110010
11000111101001110001010100000101
00111110010011001011110110000010
00100110011001011010001001111011
10110000011000110000010100100100
01010001110110100110110111100100
01001110100010100111011001111101
10110010000101000011011001000011
01010100111001001100100111101111
11000001011010011110111110111110
00111110110110000010011001011001
10110000011000110000011110011010
11000010000111001010110110000101
01101101010001001011111011110011
11000011001111000101000011001000
10101101111101100101111011001000
01011111011011110101010111111110
01001010011110110101111011101000
01010000101100111101101101011010
01011101011110111110001001100100
10101101111101100100111010100000
10111100111101111110000000000010
10110100010111001001110100011011
10111100101111100111010101011010
10101101111101100100010011000000
00100101000010011010100111100111
10110000011000110000111110100100
01011011011110111011111100001010
01001101010001110000111110110000
01010111011101111101110010100100
10101101111001110111001010110110
00011111110100100101100000010011
11000010000111000101010001111010
11010100110001110000100001000001
10110000011000110000010000110010
01011111100011000101000011111100
01011000010101001101100101011010
11010100010001001001010000100010
11010100110001111100111000100001
10110000011000110000011110011101
01000000010100010010001010010101
00101110111010001110001001000011
01001101010010110010001001101010
01101111011101111010100010001110
01010111011101111100101111000001
01001101111100011100111000001100
01010000101100111001001100100001
10101101111101100100010011111000
01110111010010010000101110110001
10101101111101100101101000000000
10010111000001111101110100110001
10110000011000110000111110100101
10110010110101010011111100011000
11010101110011000110111000000101
11000011101111011000110000101011
01011001101011101010101100011101
00000101011001001111101101010010
11010101000010001001001111000100
01001110100010100110000100110100
10101101111101100101010111001000
11011001110111000001100010000110
00000101101100100101001001110000
10110100010111001001110010011011
01000101010110100000110100000111
01000101000111110101111111111100
01010100011011001011100111011000
10110000011000110000010000010110
01010100010111111110110101101111
00101110000111000100011101101110
10110000011000110000010100100001
10101101111101100100010001111000
11010101000010001001001111001100
01010000010110111011111110011110
00000101001011010111101011001010
10110000011000110000111110000001
00100101000010011010100110010111
01011011110110010101101001011000
01000010001011011110111011111011
10111100101111100110001100011010
10110000011000110000111110011000
10010101000001100010010100101101
00011111000111001010100010111001
01001101110111011000001010111111
10101111011010111111110110001010
10110100100101011101111111010001
10000010110011000100100100111011
11011001011100101001000100111001
11010101101101110010000110111010
10101101111101100100010010010000
11000011110100100001110001110100
01010111010001000010110011110100
10000010110000010100001011011010
10110010000101000011011000010010
10101101111101100101011010011000
11010101000010001001001111011111
11010100101100110100110100100010
00011111000111001010100011000101
10110000011000110000010101100100
11010000010101010111000000101000
10110000011000110000010100011111
01001110001110011110110010010110
11000001011010011110111111000001
11000011110100010000010011101011
10110011000000001100111000001011
01011110100111111001001101011000
01011001001010110100101100101111
01011100111100110100001111111000
10111100101111100111011000110010
10111100100010100110001001011111
10110001110111011100001001010110
10101101111101100101010010011000
01111010100100000001100000000011
11001011010100001000000011001001
01010000101100111001001101100000
10110000011000110000010001001001
10101101111100111100001111011000
11000001000101101111110010100110
01101111010110001011001110110001
01001110100010100111011010000000
01111010100100000001100011110000
11000011111000010010111100000001
01001101011111110000100100010100
11000011000110000011011000000100
01010000101100111001001101100101
01101111010110001001101001000101
01010000101100111001001101111000
01010111011101111100101111101101
10110000011000110000111110100011
01000101000111110111111111111110
01110111101000000111011100010001
11000011111000010010111011111100
01010111011101111101111001001101
11000011010000001110000100110000
10101101111101100101010001111000
11010100000000001100000001011101
10111100010000011101010010100000
00111110110110110000101111000111
01010111011101111100101111110011
00111110010100001011111111111111
11010101000010001001001111010010
10101101111101100101011001000000
10101101111101100101011001010000
11010100010001001001110110000101
11000011101111110001100000000110
00111110001000000010011110001001
01011011110101000111110000000001

31 94
1101010100111001011101110011100
0101111010111010101110111111001
1101010100111001011101110100011
0101111010111010101110111010010
0101111010111010101101011001010
0101111010111010101110111001011
0101111010111010110010110001011
0101111010111010110011000001001
0101111010111010110010000000000
0101111010111010110010000001101
0101111010111010101110111011011
0101111010111010110010000000010
1101010100111001011101110101010
0101111010111010100010011101000
0101111010111010101110111001111
0101111010111010101110111011111
1101100101000100111111011000001
0101111010111010101100101111111
0101111010111010101110111111000
0101111010111010110010110001100
0101111010111010101110111011010
1101010100111001011101110100001
0100000000111001000111100000000
0101111010111010101110111110111
1101010010111101000000110010100
1101100101000100111111011000000
0101111010111010100010011101001
0101111010111010101110111011110
0101111010111010101101011010001
1101010100111001011101111110100
1101010100111001011101110011110
0101111010111010101110111110001
0101111010111010110010000000011
0101111010111010101101101001010
0101010101110010000111001101100
0101111010111010101101001011110
1101010100111001011101110011011
1101010100111001011101110100111
0101111010111010110010000000001
0101111010111010101101100111001
0101111010111010110011000001000
1101010100111001011101110011101
1101010100111001011101111001001
0101111010111010101110111001001
1101010100111001011101110011010
0101111010111010101110111100010
0101111010111010110010110001101
0101111010111010101110111011101
1101010100111001011101110001100
1101010100111001011101110100101
0101111010111010101110111100100
1101010100111001011101110100010
1101010100111001011101110011111
1101010100111001011101110100000
1101010100111001011101110100100
1011100101000110011100100000011
0100111010001010011001011100011
1101010100111001011101111111000
1101010100111001011111101110011
1100111001101111000000000001110
0101111010111010110010111111011
1101010100111001011111100001001
1101100101000100111101110110111
0101111010111010110010000001110
0101111010111010101110111100111
0101111010111010101110111010101
0001101101111011000100000000001
0101111010111010101100101111110
0101111010111010100111001101011
0101111010111010101110111101010
0110011111110010000101001110111
0101111010111010101110111100000
0101111010111010101110111110010
0101111010111010101110111011100
0101111010111010110010000101001
0101111010111010101110111110011
1100111001101111000001101010100
0101111010111010101110111000101
0101111010111010101101101010000
0101111010111010101110111100001
0101111010111010101101011000001
1101010100111001011101111110101
0101111010111010101101100101000
1101010100111001011101110011001
0101111010111010101110111100110
1101010100111001011101110101011
1101010100111001011101111001000
0101111010111010100111001000011
0101111010111010101110111001010
0101111010111010100111000110100
1011100101000110011100100000010
0101111010111010101110111101000
0101111010111010110000111000011
1101010100111001011101110100110
