15 1769
101100001100010
100000011111000
010111101000011
110011000001100
010110000011100
101110110101100
110010010010100
011010001110010
110010100111011
001011100111100
010110101011101
010011110010010
001111001101100
001110010100011
100011000110111
011100100011001
101101101001100
101100110110010
011010100000010
110000111111000
101111101010110
110001110111000
000011111111000
011111010100101
010000110010100
010110110110000
101101100011111
010101111100111
010011110010111
110000011100110
101111001100010
000000010111001
010100010110111
000001010101011
100111100000111
110000111100001
110011001100011
011000011010101
011000011010010
100011101100010
110110100011101
011110001011000
010011110000110
001110100001111
010001100100100
101001100000000
110110100010011
101100111001010
000000100111000
010111101011011
110011111000010
011000000000010
011111010001010
000100010010010
000000010010001
010111000111010
110011000110000
100011110001010
010011111010001
110111110001011
010101111100110
011110001001111
010011110010101
001110110110010
110110101100110
010111010101001
101010000001110
100110001010011
101111110111101
101111001001101
011111000100110
110011100100010
110111111101010
011000010010010
110100011110100
010000110010001
001110100000010
011011100011010
010110000101110
010100011100111
010010001110110
011011101000110
010100111001111
101000000011011
001101101010011
001001000010110
011010101011111
001110110010100
010011110011010
101110101110111
110110101110101
011110100100011
110111100101000
101110110110010
100010101010000
001110101001111
001010100110101
110111001010010
001011101010100
010011011010101
010001100100001
001011100111111
010000011011111
101110111010001
001011010110000
001101101011110
101001101010100
011101101101001
110001001101101
101100110001000
000100011011001
101101111010110
010011010001111
110110111000101
011000011011000
010111110001101
001100011111101
010111000001100
010110001001100
101101111010100
110000011100010
011101001111011
110011100101010
010011010010001
100100010011000
010011111010100
010101100010001
011101010100100
011000010110001
110110011100000
101011111001000
011100110110101
110001011011100
001001001111001
110001011101000
110011010110110
010111110110011
110001110100110
100101010011010
101100010001100
101011110010101
100101010000011
110010101100011
010101010100011
010011100010010
101100101001010
000000100100100
001001001111000
001011010011010
001001110111110
001110101100011
001010011010010
110111110000001
011111001110101
011110010011000
000110001000001
011110010110000
101100000010110
101000101101011
001010100000001
101100111000100
010100010011100
110000010100100
010101001110001
101111010110111
010100001100001
010111001110110
110100111111110
010111111110111
101000001110000
001111100001101
110010001101111
010111100101100
011100000110001
001001011110001
010001100111111
101001101110000
101100110011011
010111010100001
001101000100010
110111101001111
001110101111010
101010000011111
110110011010010
011100001000011
101111110000100
010001110000010
010100000000001
001011100100001
001011101100001
110011000111011
001011100100101
011011010101000
010111100101101
001110110110100
101100111010100
011000011011001
010100000000010
010100101011011
110000101110110
110010110011010
011100111011000
010111111110100
011100000000100
010110010000000
001100100110011
010101000111011
011010100011110
110111111000000
101100110101100
000111111010011
110101010010111
000111111010111
110110100100010
110100001001111
011000010000110
011110111001011
101110110010111
001110101100000
100100010101100
011101110001100
010000001111100
110010011011000
011110011100101
101000000111111
100100000110100
010110101011100
110000011000010
000001001110110
110100110011011
010001001100110
001101101011101
011011101010101
000110110011010
101111010001111
001110100001100
011010110000000
001110010101000
100010111100110
101100111001000
010110000110011
100110100001001
010100000011110
011010011110011
101100010101111
100011001101011
110111001011000
101100110110001
001001010001111
011000010011001
100000101111001
010110000010011
101100001110000
010010101100001
101101001101010
101100110000101
011010110000010
010100011100110
000110111110010
100100010110010
001011100111000
010001100110010
101111111100110
011000010100001
101010000001111
110010011101010
010000111001110
010011110000101
110110111001100
011111001110001
001001000011110
110110111010010
011000100001100
010110010000101
001111101100011
011100000110010
100011010100000
010100101001110
000011101100110
110110100110110
101111101011000
010111100101010
011010100101100
101110111111100
100110010110000
110000001011010
110000010011011
010110110110001
110100010100000
011101100101011
010001001001010
100010101111101
110100110001000
101100110101110
011000000011000
101111001101100
010101000101111
011000011110011
001111101111001
010100001100000
010000101000001
110011000100100
010011000101111
001001001111110
011101001111100
101001100000011
101101010010001
011000000011010
001111011010111
110100001000011
010000100001111
011111001110100
010000111111100
101100011001011
010100000110110
110011010110100
010100000000000
010011010011101
110001110110001
001001011101001
110000111010111
000100010010110
010000010010000
010111110110000
110110100001110
010011100110101
000111110111101
101101110101010
101100101011010
011000000011100
110100010011000
010000100100101
010111110001110
011110001010101
101100100111011
000001010110001
011011111011101
000110000011101
010001100111101
011100100100110
010010111011111
010001000000010
101001101011110
110011100001111
010111111110010
010101011000111
100001001010011
001111101101111
110011110011000
010000010110110
101100111110000
101110100100010
011100100011000
001010100101000
011100000110100
011101100101010
110010101100001
011011010101010
001110100111011
100111010001110
000000011011100
110111001100011
011101100111110
011111000000000
001110100110010
100110110111100
010111000010100
101011110110100
110001000011011
110111111100011
101011010101000
000000100111011
101111111110010
000111110111110
001110010101110
100101101100000
011011110111010
011011100000011
110111101010101
001011101100000
001111000001110
010100010110011
110011100001101
010101011000110
001010100101110
101110001010011
010001011011011
100100010101110
001101101101000
110010100111100
001101101100101
010110000011101
010110000111010
010000001011000
010110010000100
100110010010010
100000000001111
101001100000001
101001101110001
101100100111100
110111000100011
001010100101101
001111100000111
110111011100000
001001011111111
010000000110110
010100000111111
001110101100010
101101011010110
000000100011010
101111010011101
110010010101010
001101101001010
010011100010111
110000011011100
010101011101010
010011110011001
001010100101100
001101100100011
000100011000101
011101010000001
010011110001011
101001101110100
011011011100000
000110000100010
110110001010000
101101101110101
110011101001111
010100100010010
110110010110111
011110101001001
110111011101011
000111110000000
101100011010110
110111101010111
110111110011101
001101101010111
011010011110010
110011000101111
010011010110011
100110010111011
100000001000001
001101000000110
100100001011011
010111101110001
110010011011010
101100110000100
011101101101000
010011110000011
010011100010110
101101111111001
110110101011111
100110010010011
010011100001010
101110100100101
001101101101100
101111001001111
001110101011000
010111100101000
000001011011100
011111000100111
010100100010111
010001000110011
011010111011101
101100111111100
101100101100101
100010101111010
100010110001001
011010100100010
010100010110101
010100000111011
010011100001011
110011111110000
011110010111100
001100011000001
011110001010110
110101010111010
011000011100010
110000101111000
101101001010011
001111111000101
101111010000101
110001111010110
110010101011100
101111010100010
100001110111001
101100010111100
011101101110010
010111110100100
110010011110000
010010000010011
110001100000010
010011110001100
000111110111100
011101001001010
000011100000110
011011111101100
001110100011100
110001011011101
010101001101001
110110000000010
010011110000000
110100100001101
011010111001110
001011010010111
011100011100100
001100011111000
010010101100010
001010011000110
011101101110101
011000011100001
101100100100011
001010011001111
000101110001010
001010011110111
010100010111111
110110000101010
001111001101101
010000000111010
001111010011010
011110111010110
001110010100110
010011110010100
010110001011111
101000101001111
001001011101111
000111111011001
000111111101010
100101000111011
001110111001010
001010101001111
110111101101110
000110000110001
100101000111100
010100000011111
011101101101011
011110110011100
001010011110100
101101110100110
000100010010100
101110000011010
010110011011001
011100010011100
010100010110010
011010011011011
101101000100101
010111000110110
010101011000100
011010011011010
101101011100001
101100010111000
010101000011000
101111010010111
100110010010001
110110011000011
110011011101101
001010011100100
010101011101001
110011110111011
110000011000100
110100011101011
110101001000011
101111010110001
101100001100011
001111010100010
010000001101110
101100111000101
110000110110110
010011100110000
011101101001010
101100101001100
101111111110011
000110110010000
011101110010001
000011100000101
100101100111011
011110001010111
001011100100110
100101111110100
101111010110000
101011100010111
110001000010001
101001101000011
011100101101010
100100111101100
011110000100110
010001100000110
010110011000010
110001011101100
001010010101000
101100000100111
011000100001110
010111001101110
110111001110010
000000010101111
110001011001001
100000000100110
101000000011100
110100111011100
010011010011111
010110000010010
101100011011110
100000110000010
101100100010100
110000011010111
101010110000100
110011001101111
110100001010010
101100100010010
101100111010110
110011111111001
011000100000001
011000000001000
110000111110110
110111100101101
101101010010010
011010011100000
010100000110010
011010001001101
101110110100101
100010110110101
011000011110101
010011010110010
010000110011001
001010011001110
010000010010101
011000010010101
010010111011101
011011010101001
001100010101101
101001101110010
001101101100100
010010001111011
110110100001011
110010100111001
110000100101111
101110000011011
101111110011110
010111000110101
010111110010101
101100100101001
011010011110111
110111010000000
001001010000001
001001000011111
011010001111110
110111111100101
010111101110000
010000110001001
101100111000010
001011100100010
011101111010001
100000001011001
010011110010000
001011100111101
100001110111100
011111000101101
110110110100011
110100001000100
100110111001011
000011110111111
011011100010000
010100001101100
011110111100110
110100010000100
011101010110111
010100010110100
100000111111010
000001001100110
010001011001000
100110110111001
100110111101011
010101110101001
010111000001011
001011101100111
110111110110101
110000010101100
000110000110110
011100000111010
110110101100111
110110001100111
110010010100010
110011101001010
110011001000010
101001100000010
010111000110011
100110010001100
010000010000100
011110010111101
100100010010011
010011100110001
000111110001010
010001101001010
100110110000100
101001000111111
010101000101101
100100010111110
110110111111000
010010110111100
011100111001110
101110000110100
110011100010101
101111010111001
001111100010001
011000101000110
011100110010110
001000000110100
001011101001000
010111001101010
010111000001110
110001100100000
011100110110010
010100100010001
110000100111101
110110100000100
010110011011010
010101110000111
101100010110011
101110110110000
010111100101001
101001001001001
010111000110100
101100101001000
010101001101011
010101110000010
101001101001010
011110100110000
001011100100000
110011000001011
010000001101010
000001011000100
011000100001111
100111001001100
110001011001011
001011101011001
001110101001110
011101111110111
101111111100010
011000011011010
011110001001110
011001010010011
010100010011101
001110100101000
011000011101001
110101001010111
011010000010011
110011101110110
101011111011101
010111111111100
010010001010010
011011100100100
011010011011001
010100100010011
000001010011011
110001101000101
100001110000100
011000000000011
100011001000100
001001011101100
100110011111110
001101000001000
010001000000011
011100111010001
101100011010000
011110010100110
101000111100011
001111111111000
101111001011110
100001110111101
010000001100110
101100111000000
110100001011000
011011101010011
001110010100100
011011110111111
001110100100001
110111110001111
011101110000000
011010111010100
110111110011111
101110110101110
011111010100111
011010001101100
110011000010111
101110000011001
010010001110101
100010101011001
010010001111010
101110111011101
011111010000000
001101100101101
010011110000100
010100100010000
101110110011001
011111010000001
011101100101000
011101110110110
010111101011001
100001110000001
010111101100010
001100011101011
010001010010110
000001001010110
010101000100101
101110110011100
010110010110011
100100011000010
110100001010000
001111001010011
101100011000101
010100011011001
011010100101000
011110010000001
001110100111001
100010011011100
110010010101110
001011010010010
101100000000111
110001011101010
011011111110100
001101101100010
101111110000110
101111010011100
101101011010001
101101111011001
001111011111111
001101101110101
101111110101011
101111110111100
000100010101101
001111100001111
101111110011011
011111000001011
110011110101011
110001011000000
100100110010000
010111111101100
100100111010001
010110110101001
101010000001000
011110101111101
010011010011110
101100110010100
110000100001011
110111000110100
010011100010001
011001010010100
010111011010101
010111000110010
110111110111011
100011011000011
110001011011111
110111011100110
011101001111010
011001010010111
110100001011101
011110111111000
100101101000101
010001001000110
001010011110110
010111100101011
101100101011101
101110110011101
110001100100010
011011100100001
001101101110000
000011101000010
100011010011110
011000010010001
101001001100010
011101100100010
101111000001111
011011101011011
110100001010101
001101100100010
011110011100000
100100010000001
101100001100001
001111011001010
000100010110101
000101111111010
110110100100100
010000111000110
001111100000101
010000010101010
100011111000101
110100110111101
101100111110010
010010001110111
110010100001110
010110010000010
001111101100001
110001100110101
011000010011000
101111000011111
101101001101000
110111011000101
110111000110110
000001010110000
000000011011010
000101110110010
010110110101011
110000010100111
000111111100011
101111110011101
010011110010110
100000110101011
101111101010011
101100100010000
110110010011110
110101010111011
010001110110010
001111111000000
110000010111101
110011000010011
010111111101111
010101100001011
011011110011100
110110100001111
011101001100100
010010001000110
011010111011100
010111111110101
010111000001000
011010100110110
110001011000010
011000101001001
110001110110101
011110010101111
010110110111011
010000100110010
011110001000011
011000011100011
101100011011101
101111111100100
001101101011100
110000011001110
010111000001010
001101000000000
101110000010000
100000110100101
010010001011110
010110000010110
011110010010110
011101101100101
110101001100001
110110110101011
000011101000011
101010110101011
011000011001011
101100110110111
010010001010111
100011010001100
011101110100111
110111011000001
011000011110010
110011101010101
000000010100000
011110111011001
010000011111110
101111111110001
101110100001000
001110101100101
001110100010100
010010110100100
100010010111010
010110010000011
010000111111000
010100000011100
010101110100010
110100001011100
001010010101001
110110101101001
110111100101011
110100011011010
011011010111001
100011010010110
010100001011001
011010100101011
010111010011111
110001000001111
010101110001000
010000001111010
011100001000111
110110111110110
010111001110100
001111101110110
000000100010001
011111001010111
010101100010000
110111001101110
001011100111011
010011001010011
101110100110101
010110000011011
010101110000100
001101101100110
001100011101000
101110100100100
010101100000001
010110010000001
101001101111011
101011100101011
100001011100111
000111111010000
100011010010101
001111001100010
011100000111101
011000100000010
010100100010100
001010101100000
010100110100000
010111100111000
110010011110001
110110000001110
010101110000011
011011110111000
010111110100101
100010001101110
101111001111101
110000100001000
010100110110110
010101110001001
101110110101000
001111100011101
010000000111110
011001010111000
001100011000110
110011011100011
101111110001100
110010101011101
001100100101111
001110101111001
011100101000101
100101010100001
110011111110111
101100111010010
001110100000000
101110100100111
110101001011100
101100010001110
011110111010111
010001110110110
110000100000001
010100001100101
011110010011100
010101000100100
010010111011011
010110000010101
101111111110000
110010010010101
010100001100100
010000011010110
001110010100010
011001011100100
101111111100000
001111101010101
010111010101011
101100110111000
110011000100011
001001011011100
110110001101100
010000101001110
110010001101100
010011110001111
010111110001100
011110010101110
011111001010110
100011110001101
010011010001100
011110111000101
010101001101000
011111001111101
001010010100000
010100100100000
001101000000101
010100100101010
001010101111100
010101001101010
001010011111100
100001001010100
101111110011100
101101110101100
101110111111010
101100011010100
101111001111001
010101010111110
011000010010110
011101111111111
101011101000001
110011001010101
010000110001000
010111010101000
011000000011110
010010100101100
110110110101000
011110011111110
101110110000101
001010100011000
011101000100111
010100110100110
101101011010000
010110000010100
101101100001110
101100111111010
101010000001101
110010011011110
100011111101010
100001000100110
101100101111011
011101001000111
011011010101100
001011101010101
101111001111100
011011100100000
110100111000111
100100000110011
001110111011101
010011011010100
000111111100010
110100101101111
110110111001110
010011011111101
011100011101001
110011111000110
011011001011100
101100001100000
011100010000100
010011100110010
110111111101011
101100010111101
010010110101010
001001010000010
001100100101100
010011110000001
010111001101011
010101001110000
010100010101001
001100100011111
011000010110000
010100011100101
010110001001000
010100100010101
010101010100010
010010100100100
001110110011110
000111111101101
011000000011101
110111001010000
101111010110110
010110010110001
011101010001011
010000001001010
101100100111010
110110100011000
110111110111000
110011110011100
101000001101100
000000100111001
011011001000010
101111011101001
110000011010110
010100111110001
000011111011100
001111011011111
010110101011111
101100010111010
010011011111100
110111101010000
110110000101111
011000101000001
001111000011000
110010101100000
011100111001101
101010110111000
010101110100111
000000010111000
101000111100101
110110110100001
010110111111100
101010000001001
101101000100100
001011101011010
010001101010000
110000011101100
010111000001101
010011111010000
011101101000100
011011010100110
000100011110111
010011000101011
010010001010000
010100001101010
011110011100001
010100000001000
011101000011100
011010100001001
011110011111011
101100101100111
101111001101101
001010100110010
101101001011111
010000101001000
110110011000111
000110111000000
101100101100100
010111000111000
101111001001001
001011101001110
110110100011001
010000100001010
000101110001100
110111101101100
101111001001110
010011110001010
101111110001110
101110110111010
110011101001110
110110111001101
010111001110111
010101110000101
010110011111001
110000011110000
110011001000111
011010110000110
010111010101010
011011110101111
011010011110110
100001110101011
010010001111001
101111100011110
010101100010010
110001111010101
000001011110011
001010011111000
110010100110100
101110000010010
011100100001010
010101000101110
011001010010110
010110011000100
001111100010111
110100010010010
010001001001011
101101010010111
100010101010001
110001011101111
000110000100110
001100011101001
011100011100001
011010100111010
110111100101100
011010011100011
110001101010110
011000011101000
011011111011100
101010110100101
101111110001000
011010011100001
101100110010001
001111101001101
110110111001000
000100010110100
001111010111111
100100010100101
101110101000110
010110000011000
001101101111001
010101010111111
011100100111010
110000001101010
101000110001111
010110101111010
010000110010000
010111110100110
010111010011110
101111010001001
001111000011010
110001011000011
010100001101000
011100000100110
101000110000111
101100010011110
101011011001010
100000011100001
100010101001011
110010111101110
100001110101110
110111000110000
001110111010110
010110000110010
101100100101000
011101101110110
101111111101000
010011010111110
101101010010110
110100111000110
000001010101000
001111001100111
001110100001011
011010100001000
110011010111011
101110101100100
010111101010111
110111100111100
001001110110111
001110101001101
011000111100001
101111100010000
100110011111111
100101000101001
110111001010100
010111101110111
100110100000011
001011010110001
101100100101010
010000100000001
011110000100101
011101000000001
010111101000010
101111000001110
100011010000010
010101110101000
010001010101001
101111010100111
100101111110111
011101101111000
010011100010000
110111000110101
011110000001100
101110101111111
011100011000000
000110000100011
000011101000001
010100001011000
001101101010110
011011010101101
011101001000110
100101010101011
110111010111101
101010110010100
011010011011000
011100010011011
110001101101101
100101010011001
101010110010001
101001101000010
101001101001110
110111101010100
011000101001010
011011100010010
000100010110110
011101000100110
010001110111011
011010100110111
101110000011110
000100010110011
001010101111001
110001011001000
011101010000000
010011110001001
010100011010011
101101100001100
010000100100100
010011100110011
000110001100001
010110011000011
011110111100101
010010110101001
101100001100110
110110111010011
011111001100000
011101001000101
101100001100111
101011101000010
110000010010110
110000001011001
010011110001000
001111101100101
110010101100010
101111111100101
001101100100101
000011100000111
011011010111000
101111101010111
010110010110010
010011001010000
010011001010001
101100101100110
101010110111001
101101000101010
010111110010100
010000101011000
100100111110011
101011011101111
010000100101110
001110111001000
011100011101100
101100011101010
010111000111011
110000010101000
000100011000111
110110011101100
010000111111110
110111001001001
011100111001100
000101111110000
000110110000001
001011101100101
011000011000000
110011011000101
110100011101101
101001101101111
101011100111110
110000010100000
000000011011011
001100100011101
010101111100101
011110000100111
010100010110001
101110000011000
001111001010001
110010110110011
100011101111101
010110011111000
110111011100010
001011101110000
010101011000101
010100010110110
110000010111001
010101100000111
110000111001100
010111000010111
010000100100001
010000100100010
011010001010010
011000011010000
100000000100001
101111000100011
000000010011000
011101010010110
101100011110100
101011011110001
110000100001010
110011000101010
010100110100011
100001011101000
010111000111101
110000011011111
001001011001011
001010011111011
000100010110111
011011010100111
010111110110010
010100100101001
010001001011000
101110110000100
011110111110010
101111101011001
010001110100110
010011010010000
011101001110111
010110000011010
000101110001011
011000011011011
010110010111010
110010100111000
010111111110110
011110001010001
011100100011010
011110101101110
101101100001101
101011010000001
010111110010111
010001110100100
010100100010110
011000011011111
010111111111001
011010111011000
011010100011101
011001011110011
010000000000101
001011100100111
010100101001101
001001001111011
010100000000011
101110101111110
101101001101110
101110000101000
110011110110100
010111000001111
101100001100101
101111010100011
000000100011011
011110010001110
110111101101111
101100010100110
001111011001000
110001101010101
011000010010000
110110111000100
010011111010010
000100010100101
110101001110011
011000000001110
001111001010000
100110100100110
110111011010101
001101101110001
101010001111100
010100010110000
010010101100101
000011100000100
100011010100101
000011010110110
001010011001100
011110001000110
100000000100111
010010100000000
001110111010111
010001110010111
011101001100110
001010010100010
101010000001011
011101110001010
110101001110010
000001011110000
011101010110101
001011101100110
011010100100011
110100011011101
101111110001010
010010111011000
011100011101011
100011110011010
011011010011010
011010111010010
110000011010011
010110110110010
011000100110011
110110100000111
011111000111001
001101100101010
001001000000001
011010100011100
001111000000111
101110110010001
101100011001000
100110100000110
110111110011100
010011110001101
000100011001111
011110101100010
011011101010111
110000011001111
000111111011011
001101101011000
001001010010101
010100011011011
101110101000111
011001010100110
011110000101101
001111101010000
101011111001001
011010110000001
010111110010110
101100110101010
110011010110101
001011101001100
001110111001001
001010101100101
101110100100011
110000011010101
010010001011111
011101111111011
010000101010011
100101010000110
010100000110001
010100011010010
101100001110100
101011110001111
101010000001100
110111110100011
101111000011110
000100010100011
011110011111101
110111001011001
000001011001001
110110111111001
011010100101001
110001001111111
000111110111011
100011110010011
100011010001001
001100010011010
010101010100001
011110010100100
011111000100101
110110010110110
010011100010101
010101100000000
010110001001101
011100111011111
100100001000001
101110100010110
110011100000000
010111000110111
101001001110011
010100000001001
011011110111001
010100110100111
101100111000111
010100010011111
010100001101101
101100110011010
010011001011110
010110000010111
100011010011100
011110110110000
001100011111110
101001101011111
101100100010011
101100110101000
001101100100110
011111011101100
000011010001000
101110100000011
001101100100000
010110011011000
101111111111111
101010110000101
110100101110001
011100000110000
000111110111010
010001100100111
110111010000111
101011100110100
110111010000100
010000110000101
110110111111111
000110000100111
010110010110000
010101011101011
001111000000100
110100000011101
010010101100000
110110100011100
000000100111010
010101001110011
100100010001110
001110111001111
001110110011111
110010001010010
001001011111100
100100111000001
101110100011101
011010111001000
101100110111010
110111111101110
110000001011011
101111010001101
011111010001101
011000101001011
110100111111101
011101001111110
011010100101101
011000011100101
110111111100000
011100010011111
101101010100110
110001011101101
110100000010010
001011100111110
010111110110001
100101011001000
011101010111000
110111110011110
010110010000110
110100010011010
011101101011101
001111010101010
100110100111101
110110010011010
010001100110011
110011001101110
011100000000011
010111111111101
011010100100100
011011101001110
100001110111110
101100011100010
000101110001111
101010000001010
110100001000000
001011100111001
100011010011101
101110100001011
011001010101001
110010010101100
010011010011100
010110110101010
101000001000010
011110001010011
001111010100011
001110101111000
010110000011001
001111100001001
001100010111110
001110101011101
010001011011010
110011110000000
101001101001000
001001001111010
010001100111010
011110101000001
011100011101101
010100110110111
001101101010010
100011110001111
110110101110100
110011110110110
001001010011001
011111000001000
000110001111001
010101110100101
011100000100001
101100100010101
110010100111010
001111001010010
100110110111010
001110100000110
011101000111010
011000011011101
011111000111011
101100111010000
011110001010000
011011111010100
011010100101010
101101101010111
100111100100011
010110010111001
110010010100001
011011010101110
110110011101110
011111000111000
000000100010111
000111111010010
000001010001111
110010010011110
001100100000001
010111001100110
100011010100010
011100010001000
000110000111111
010101110100100
100011110000101
010111110001111
011000010010011
101000101111000
010011010110001
011001011110100
100111000110001
101010110000001
010000100101100
110000100111100
010011000101101
010111000001001
101100100011001
001111000011001
