30 602
110101010011100101011000011110
110101010011100100010100001101
110101010011100101011000010101
110101010011100101011000001000
010001000100001100111111100100
010100000001000110101101001101
010110010111011101011100000100
010110011011111110010110101100
110101010011100100010100000110
110010110110001011000100101010
101100011101110111000101000010
110101010011100101110111111101
110101010000100000011001101110
101100011101110111000101000101
110101010011100101110111100011
110101010011100100010100000101
110101010011100101110110111000
010110011011111110010110101101
110010111010011001100000001111
000101110000010100101000100111
101100011101110111000010001011
001111100010000000110101001000
110101010011100101010001000110
110000111100101000111000110100
110000000111110000111000000110
110101010011100101110110111001
010101001110100111111000101010
110000110001100011010011000010
110000110001100011010010000111
110010010011101111111101001100
110110011101110101010100001001
110110011101110101111101000101
100101110000010110010111101010
101100011101110111000101011101
110101011101010101000100011001
101110010000010100011111101000
101011011100000001000011100100
100101110000100110010110000001
011100010001010111110000111000
000101110000010010000011011001
101100011101110111000010101110
101100011101110111000010001000
101100100001010000110110001100
110000111101000100000100001110
011110101001000000011001001011
100101110000100110010110101011
101100011101110111000010100001
110101010011100101110111111111
010000001111111011111110101011
100101110000010110001110001001
101100011101110111000101100000
010111101000011101110011000001
100101110001011001100000000001
000010101011110110011001110100
010110010111011011011100001010
110110011101110010111010000010
010111101011101011000011101001
110000110001100011010111100101
110101010011100100010100111011
110000001011110000100101000000
110101010011100101111110001111
110000000000110100111000010111
101100011101110111000101011110
011101010111100111111100001000
010100001011001110110100111100
110000111100101000111001000011
110101011101111000110110110111
101011011100000011010111000001
101100011101110111000010110010
110101010011100101010000011111
101100011101110111000101010001
010011100000010000111000011110
100101110000010110001110001110
101100011101110111000101001100
100101110000010110111101011111
110101010011100101111111101010
100101110000010110111100001001
110010111011100110111000000010
010101010001010011101001110000
010111101000011101110111100001
110111011000010111010110001011
101100101111100111111000000010
110101011111111100100010101011
010110111100111111010010101101
100101110000100110000101100101
110101010011100101011010000010
110010111011100110111000001100
110000110001100011010010100001
110100000101100001101100111000
000101110000010111011011010101
000101110000101100000100000110
100101110000010110001110100001
110101000101011101000010111000
110001011001111100011101000001
110001111100100110011010110000
101100011101110111000101010100
110010110000000100011000101110
010011101000101001100101110010
101100011101110111000011000010
110101011111111101001110000011
110101001011001101111100110100
110110000100001001000110000100
101100011101110111000101100111
110001011001111100011100010010
010110010111011011100111110110
110000110001100011011011100010
100101110000010110111101011001
110101010011100101111110001001
110101010011100100010101100100
110101010011100101111110001011
110101010011100101111111100011
110010111011110110010101110101
101100011101110111000010100101
110101010011100100010100110100
010000001111111011111110100010
110101010011100101111111001000
110101010011100101010001000111
011110101001000000011010110000
110101010011100100010101110111
110110011101110010111011010101
110101011000111011011000010111
110000110001100011011001010011
110011100101001010001011100001
110110010100010011111101101111
101100011101110111000010100011
110101010011100100011011101110
010001010001111100111111110011
110000110001100011011000000100
110001100011000111010000111001
011110101001000000011001000010
110101010011100101010001001110
010001010001111100111111000111
110101010011100100011011110111
010101000101111110001000011000
010011100000011011100011000011
101100011101110111000010011001
010001000100001100111111111111
110101010011100100010100001110
110101001111100001111100000111
010101001111001010010010011100
110001011001111100011101000110
110101010011100101110111011100
101100011101110111000101101001
110010110110001011000111100010
110000110001100011010100110101
101100011101110111000010110001
101100011101110111000101000000
110010111011110110010101111111
010101010001010011111001011001
101100011101110111000010101111
110000110001100011010111001000
110110011101110010110111110110
110110011101110001010101010000
110110011101110111101101101100
110000000100010010111111111101
110101010011100100011011110110
001111011101010110111111000010
101100101111100111111000000001
110000111101000100001110000100
010100001011001110110100111110
010110010111011101011100000011
101100011101110111000010100110
010011100000010111011111001110
010011100000010000001011001001
110101010011100101011000011010
110010111011110110010010010011
010001010001111101110010101111
000101110000100110000010001101
011001111111001000010100111010
100101110000111000010100000001
110101010011100101110111000000
101100011101110111000101100101
110101010011100101110111010111
110000100101010100101011110110
110110011101110000111111010011
110111011000010111010111010011
010101000101111111110111110111
110111011000010111010110000011
110101010011100101011001001100
010100001011001100101001101000
110101011101010100000110001011
110101011111111101010110110100
101011011100000001000100111110
110101010011100101011001000010
100101110000010110001110001101
110000000111110000111000000101
110000111101000100000100011010
101100011101110111000101101101
110011110110001100000001000011
000101110000001000110101111101
010111101011101010110110001101
101100011101110111000101101010
110010110000111011001111111101
110000111101000100000100011000
010100001011001110010011000111
110101010011100100010101110110
101100011101110111000010101100
101100011101110111000101011010
110101010011100101111110000010
100101110000010110100100100100
110110011101110010111011111100
001111101001000101001001001001
110111011000010111010110011011
101100011101110111000010110111
110000110001100011010010000110
110001011001111100010111010110
110011110110001100111010111100
110000110001100011010011101000
110101010011100101110111100001
110101010011100101110111000111
110010110110001011000111110101
110101010011100101110111111000
101011011110011101100001000100
110001011001111100011101000111
110101010011100101011000001001
100101110000010110001111000100
010000001111111011111110100111
110110011101110000011000010010
110010110011100101001101010000
110110010001010000010010111001
110101010011100100010101000101
110000111101000100001110110111
110000000111110000111000000011
110111011000010111010110011001
110101010011100100011011100001
101100011101110111000101100110
010011100000010111011111011010
010101010001010011111001011000
110101010011100101010000011100
010111111010000110011100111111
110101010011100100010101000010
011110101001000000011010111110
110011100001100011110000110010
110111011000010111010110101111
101100011101110111000010010111
110000000111110000111000010101
100101110000111000010100000000
100101110000010110001110011000
011100010001010111110101000100
101100100001010000110110001110
110000100101101011110100001110
011110101001000000011010010000
110101010011100101010001010101
110101010000100000011001101111
110000110001100000101100001000
110101011101100110011011111110
010101010001010011101100110010
110110011101110101010101101111
010100010101010110111111010001
110000110001100011010111000111
010011100000011010111110001111
100011001010100010000000100110
110101010011100101111111110100
010100110100010111011101111110
110101010011100101111111111010
110000111101000100001110000101
000101110000010100101000000001
110101010011100101111111100010
010001000100001100110110010101
110110011001001101101100001001
110000100101010100101011110100
100011001010100010000000110011
100101110000010110001110010111
110101010011100101111110000101
101100011101110111000101001001
010001000100001100101100101100
101100011101110111000101001101
110111011000010111010111101011
100011001010100010000000110010
110101010011100101110111111001
010100111110000000111111111010
010011100000010111011111100010
001001010000100110111000000110
110010110000000100011000101111
010111010111001101011101000101
110111011000010111001010011110
110101010011100101111110111110
011100010001010111110010001011
110101011101111000111010011010
110110011101110010100101101011
101100011101110111000010101000
110000110001100011010111000100
110111011000010111001010001100
110101010011100101110111111110
110101000001000111000001010000
110101011101100110000010010011
110000110001100011010111010101
011011010110110111001001110010
101100011101110111000101101000
010000101011100110001011011011
011110101001000000011001010011
110101010011100101011001000000
101100011101110111000010001100
011101000100001011001111010100
001111100010000000110101010111
110000011110100010001101111100
101100011101110111000010101010
001111110101010001100000101000
110000000111110000110111101001
110101011111100001010110010011
110011110110001101001111110011
110000111101000100000100001111
110101010011100100010101001011
110110011100011101001010110001
101100011101110111000101000001
100101110000111000010100000011
010000001111111011111110100011
010100000001000110101101001100
100101110000010110111100110010
100101110000010110001110010100
110000100101101011110100001111
110000110001100011010100101000
001111100101110111001110001111
010101010001010001110101010000
101100011101110111000101100001
010000001111111011111110100101
110101010011100101110110011110
110101010011100100010101111101
110101010010000111111111100011
110101010000100011000000111001
110001100011000111010000110100
110101010011100101111111111111
110101010011100101011010000001
110011100101001010001101100111
100101110000010110001110011010
110010110000111011001111111100
110000110001100011011110011100
000101110000101100000100000001
110000111101000100000100001100
110101010011100101011000010001
110000110101000111001000001111
010011100000010111011111011011
110101010011100101111110001010
010001000100001100111111111011
110101001011001101111100010101
101100011101110111000101100100
010100010001011011000010011101
000101110000100000011110011000
110000110001100011010010100110
110011110110001100010100100011
001001100110100001100110011001
101100011101110111000101000111
110101010011100101011001000001
110000110001100011011110111101
001111010101101110111110001000
101100011101110111000010000010
010000100000101100100100100010
110000111100101000111011111110
010011100000011010111110010000
110010111011100110111000000111
010011100000010111011111001101
110111011000010111010110001100
110111011000010111001010000000
110101001100011110010101010011
100101110000010110100100001001
110101010011100101110111010110
100101110000010110001110000111
100101110000010110001110100011
110011100101001010000111001110
110101010011100101011010000000
110001011001111100011101110011
110000110001100011010010000010
000111111010101000101010001111
101100011101110111000010011100
101100100001010000110110001011
101100011101110111000010110100
110000111101000100000100010001
110110011101110001001010011101
110001011001111100010111110010
110001011001111100011101000000
110000111101000100000100011100
110101011000111011011010110111
110101010011100100010100111010
110000111101000100000100010101
110010111011110110000001100001
110010111111011110100111001110
110001111100101100100101110000
011100010001010111110101011010
010110010111011001101010110001
110010111101110101111010001001
110101001111100000010010101100
010100001011001110110100111111
110101010011100101111110000111
101100011101110111000101010101
110101010011100100010100001100
110000000111110000111000000100
110101010011100101111110111111
110010111101111000100000110000
110010111111011110100111000111
110101010011100101111110000000
110000110001100011011001010100
010010100111110100110010000000
110001011001111100011101001101
010000001111111011111110100001
110101011110100011110001001000
110010110001001001110001111110
000101110000101100000100001001
000101110000010100011001110011
110000110001100011011110100000
110000110001100011010111000010
110101010011100101110111111011
110101010011100101011001001101
100101110000010110001110010001
010000001111111011111110101010
100101010000011000111100000000
100101110000010110010010100010
010100111110000000111111111011
110000111100101000111101110001
110110010100010000110000100000
100101110000010110001110011100
110101010011100101111111111110
110000111101000100000100100000
110101010011100101011001001111
101100011101110111000101010110
110101010011100101111111110101
101100011101110111000010011101
110110011001001101101100001010
100101110000111000010100000010
110011011011110100100000100100
110101011111111101110000010111
110101010011100100011011100000
101110000110100111111010000011
110111011000010111010110101100
110101010011100101111110000011
100101110000010110001110001000
100101110000010110001110011001
110001101100111011011100000010
110101010011100101110110111101
010000001011101110110110010001
010100110110000101011001000001
110101010011100100010101110010
101100011101110111000101001110
101100011101110111000101101100
010001010001111100111111010101
110111011000010111010111101100
110101010011100101011001000011
101100011101110111000101101110
110101010011100101111110100000
011110101001000000011001100011
110110010000100100101111110100
100101110000010110001110010011
110010100100010001000101010001
110110010100010011111101011110
100101110000010110001110010101
110000110001100011011001010101
110110011100011101001000001010
101100011101110111000100000000
110110010100010000110000011111
110101010011100100010101001111
110101010011100101110111101100
110000111101000100000100011011
110010111111011110100111010110
110101010011100100010100001111
110101010011100100010100000100
110000000111110000110111101000
100110001011101000100010100010
110101010011100101011000010000
100011001010100010000000100100
101100011101110111000011000001
110001011001111100011101100100
110001011001111100011101101000
110101010011100101010000100011
100101110000010110001110001011
000101110000010010000100100100
110111011000010111010110011000
010010000000111011000110001101
110110011101110101111001111000
110101010011100101110110111100
110111011000010111001010110000
110000100101010100101011110101
101100011101110111000010110011
100101110000010110001110000100
110101011111111101001110000010
110101010011100101010000100010
010100001011001110110100111101
110010111011100110111000000001
110000111101000100000100001101
110101010011100100010101111100
101100011101110111000010001111
101011011100000011010110010011
110101010011100101011000011101
110101010011100101010001010100
110000000000110100111000010110
110101010011100101010000101100
010001010001111100111111001000
010010000000111011011110000001
100111101000010011111110000110
110000110001100011011110010001
100101110000010110010010100001
110010111011110110000010100010
110000000111110000111000010100
110101010011100101110111101101
110101010011100101010000011110
110000011111011100101010000001
110000111101000100000100100001
110111011000010111010111111010
110101011101111000111010011000
110110010100010011110111011111
110011011011110100100000100101
100101110000100011000011110010
010101110111011111011100110000
010011100000010011111111000001
100101010000011000111100010010
110000101101000110000001101001
110010110010000000111001001000
110000110001100011010100110110
110010110111110010111000110111
010110011011111111011101010110
110000011111011100101010000010
000101110000010100011001110010
010101000101111111110111110110
110101010011100100010101100101
110111011000010111001010101001
100101110000010110001110010000
010000111101100101110000100110
110101010011100100010101000011
001001100111101010110100100010
110101010011100101110111100101
110000111101000100000100010000
010110010111011101011101001000
110110011100011101001010110000
110000110001100011011011000101
101100011101110111000101011100
110101010011100100010101001110
110101010011100101011000010100
110010111010011001100000001001
110110010100010011110111011010
110101010011100101111110111000
101100011101110111000101011011
011110101001000000011011101100
010000001111111011111110100110
101100011101110111000010110000
010010000000111011011110001101
000110001100100110001101100110
110111011000010111001010000011
110000110001100011010010010100
110000110001100011010011000111
110000110001100011011110011101
010111101000011101110011000000
000010101011110110101000001011
110110011001011111110010100111
101100011101110111000010011010
010100100110011010101011001100
110000111101000100000100011001
110101010000100000011001011001
110101011110100011111011010000
101100011101110111000010101011
010111010111001101011101000000
110101010011100101110111010100
110101010011100101110111100010
110101011111111100100010101100
101100011101110111000010001001
110101010011100101011001001110
110000110001100011010111010110
110000110001100011011111000010
110101010011100101010000011101
110110011101110010111011111101
000101110000010010000100100101
110101010011100101110111100000
110110011001011111110001100110
110011110110001100001001110010
110101010011100101011011000000
110010111011100110111000000101
101100011101110111000101101011
110101010011100100010101001010
101100010001010111111011101011
101100011101110111000010110101
011110101001000000011010010001
100010110110011111101101101010
110110010100010011111101011100
110000111101000100000100010010
010100010001010001000101111001
110010111010011001100000001000
110010111101111000100110111101
000110110111101100010000000010
110101010011100101111110000001
110010111011100110111000000000
110101010011100100010100000111
110101001001011011101101010001
110110010100010011111101011101
110001011001111100010111111110
110101011111111101010010000100
110101010011100101011000011011
110010111011100110111000000110
110001011001111100011101001100
010001000100001100110001111010
010011100000011001010011101111
101100011101110111000010110110
110101010011100101110111100111
100101110000100110010110110101
100101110000010110001110001100
101100011101110111000010101101
110101000101011101000010111001
010111111010000110011100111110
110101011101111000100010110111
010100001111100110000000010111
110101010011100101011000011100
110101010011100101110111100110
110110011101110010111011101000
010110011011111111011101010101
101100011101110111000010100111
110101011000000001101111101110
