12 265
010110101000
001110110100
010001101001
101011111110
010100001000
001111110100
011011001000
011000010111
011111001011
000011100001
110001111001
010111110000
100101110011
001111111011
101110001011
010010111010
101011100011
110001010100
101011100100
010111100000
010011000001
011100010110
010000010111
011111010111
101101101011
001010001000
011000111011
101110000010
010000110111
001110110001
000110110001
100011000111
011000110010
110100100010
001111111010
101011101001
100110000001
010110101110
110111010001
001111001011
001111110011
000000011101
000000010110
011000000110
101000101110
110111101100
011110011110
010110010101
001111110000
010000010000
110110010101
110010101100
100110100101
011010000000
110110111100
011000110000
011010000011
110110010010
011110000000
011100110011
010010001001
010011110100
010010110011
010111010010
000011101001
010001101000
010001000000
010110001011
010100101111
010101101000
010100100010
100110011010
010101010011
011011101111
001010000011
101011001110
100110001011
010000011110
011101000001
011001010001
010101110010
010100010110
001001000001
011010010000
101010000010
001010010010
001001011010
001001010101
101011110111
010110001010
011110101110
101010011101
010001000110
001111111001
011011111111
010010101000
101011110000
011100111110
000011100100
001001110001
101100100110
000101110000
011110110010
001100010001
110111110110
001110101100
011010000001
000000011010
011000110001
110110101000
110111100110
110111100001
100001111111
000011100111
011111011000
010101100101
010011100100
011100011110
010001011110
011101100011
011110011001
011100101110
011010111100
000000101010
101001100010
011001011001
010001111100
010110101111
000000101011
100001111110
101011000000
001010010110
010011110101
001111110110
101101101000
011100001010
011011011001
010011010000
001000111010
001111000010
101101100010
101101100000
001111110101
101111111010
001110101010
100110001111
001110101101
001000001001
010111111100
001111110010
001010101110
001111111100
010110010011
001111110111
011010111101
000100010001
010100111011
011101111101
010110111010
011101000110
010110010100
101011111010
101010111111
011010001011
001100011011
010101010110
110111110111
010011001100
010001011101
010001111110
010110000100
101100100000
110110100111
101000101100
100110000010
011111011001
001011010001
010101100100
011110100001
011010111000
110111010110
100101110100
000110110100
000011101101
000100011010
011101010101
010001011111
011110011010
011101100000
011111010101
001001111110
010100101110
010110101010
110001111000
101101100110
001000001101
100001000101
011100110000
100110011110
001000001110
010101110011
001010011010
100010101001
010100011110
011010101111
011100100010
010001001101
011101111100
001110101110
001100100010
011101100010
101101110111
101111000110
001110110000
011101111000
001000001000
011101111011
110110101001
011110011101
011010010001
100110011011
011010011000
010011011100
000110000000
001011011100
011010010110
010010100010
000011100101
010100011000
011110011011
101010111110
001011100101
001111110001
101011011000
100110100011
101111111000
010000001010
101011110011
101101100111
011010011101
001111111110
101010111101
010001100100
010010101001
010010110010
000101110111
011100001011
001010010111
010011100111
110111011001
011010010010
011110011000
101110000111
101011111111
110111011111
100001001000
011100101001
110111111001
010011011011
010010100001
000001100000
010001111101
000110111010
110110111011
101011100001
