28 776
0101100100011110011101100100
1101001001100000010000010011
0111110110000001110101111010
1101111001100111110101110100
0101001111110011010000110100
0111010101100110011000001110
0111110111111011110110010111
0011100101000101000111100101
1101010100111001010100010010
1001011100001000110100001000
0101111001001000111110110000
1101001001100000011000100001
1011100100110011001111010110
1100111000110011111110000101
1101010010001111001010110100
0011100101000100010000011000
1101000001011000011011111110
0111011001010101011010010001
1010010000110101110000011111
1101001001100000010100101100
1101001001011010100010010010
1101010100111001000110110101
1101001111011101011010001011
1100111011010100111101010111
1010001110111101110100110000
0101001111110011010000100110
1101001001011010100010100001
0101001111110011010000111000
1011100100110011001111110111
1011100100110011001111100010
0101100111101110100111101000
0011111010010001010110110111
0101001111110011010001100100
1101001001011111110110101110
1100100100011000000110010011
1100000001111101111101111000
0101001111110011010000111111
1101001001100000010000010111
0111110111111011110111000100
0111000100010101111100011001
1101001001100000011000100110
0011111010001101010000111100
1011010001010000001100001101
0101001111110011010000011011
1010111100101101010100000011
1101001001100000010000010100
1100101100011100101101010000
0100010001000011001101001100
0101001111110011010000001100
1101001111100101110010100010
1010111100101101010110111010
0101001011000101101000100000
1101010100111001000110111001
0101001111110011010000010100
1011100100110011001111011010
1100111000110011111110001100
0100111010011000001111110001
0100010100010000101000101110
0101001111110011010000000111
1101001001100000011000100111
0101001111110011010001100111
1010110111100111011000010101
1100101100100000010000010000
1011100100110011001111101000
1011100100110011001111100101
1100001000001011100111001001
1011100100110011001111100000
1011010001010000000100000110
0101011111100101111011011110
0111110111111011110111010111
1011100100110011001111000000
1101001001101000001001001111
1100111110000110011010001100
1010111100101101010010011101
1010111100101101011110001110
1100001111001111100010001000
0011111010010001010110110100
0101001111110011010001001011
0101111010111010101111000100
1101001111111111100000101110
1101001001110110111100100110
0110110101010110000000101110
0101111001001000111110001110
0111110111111011110110100101
0011110101101111100011101101
1001011100001100001010000100
1100101001000100010010111011
1101001001011010100010100010
0101111001001000111110001001
1101001001101000110001001111
1011100100110011001111100011
1100100100011000000110010010
1101010001000010011000011000
1100001010011110000100001110
0101111010111010100110011011
0101001111110011010000101111
0101001111110011010000101101
1101001001100000010000010110
1101001001011111001010110101
1010111100101101011101111110
1101010001011010110010111110
0101001110101100011011110100
0101001111110011010000000000
0100000001011111100011111110
0101100100011110010101011011
0111010101101110001010110111
1101001100100111011110111101
0101001111110011010001001001
1011100100110011001111010111
0101001111110011010000100001
1011010001010000111000110000
1000010101011100000110000010
1100001111010001000000000000
1011010001010000000001100100
1001011100001000110100001111
0111110111111011110111010100
0011100101000100011111111100
1000111110100001111110000001
0011111010010001010110110011
0111010101101110001111000011
1101001001100000010000010001
0101001111110011010000011111
0101001111110011010000111010
1100111000110000111100001111
0101001111110011010000001010
1101010000011111010011110000
1101001111101100011000010001
1100001100010000001111001111
1011100100110011001111010011
1101010100111001000110111010
0101001111011111011011000000
1101010100111001011111110001
1010111111001010110100110001
0011111010010001010110110010
0100010111000011110011001101
1100000000000101010110100110
1101100111011100000110001100
1101001001101000110001001101
1101001111100101110010100001
0100001001110111110011011001
1101001001100000011000100000
0101001111110011010000000001
1101010100111001010100000101
1100101001000100010010100110
0011000111111111111111011010
1010111100101101011001111011
1101100100100001001000000111
0111110111111011110110011000
0001011110000000000110011111
1001111100001010110100100001
0011110101101111101000011101
1100101110100110011000010111
0111110111111011110111011110
1011100100110011001111101111
0111110111111011110110011100
1011100100110011001111000101
1101001111100101001101110101
0111000100010101111100011110
1011100100110011001111100100
1011100100110011001111011011
1101100101110000100101011011
1101010100111001011111100111
0111000100011101111100110000
1101001001110110100010110110
1101001001011010100010100110
1101010100111001000110111100
0101010111001101111111001010
1011100100110011001111111110
0101001111110011010001100101
1101110001010101100110100101
0101001111110011010001001010
0111000001001101111100111001
1101010100111001000110110100
1101010001011010110011111101
1101001001110110100101100011
1100001001001010101010001110
0111010101101110001111000100
0111110111111011110111101011
0111101010010000000110101000
1011100100110011001111010101
0100111000011000101110011110
0111110111111011110111100001
1000110010101000100000001111
1010111100101101011110010111
1100011111001011001110010000
1010111100101101011100110111
1011100100110011001111111101
1001011100010110111001011011
0100000010010001010000101110
1100000111011010110011110000
1011100100110011001111001100
1011010001010000001111011110
1001011100010110111001011001
0110111101011011111010100000
0001101111111111010000100100
1011100100110011001111000111
1101001001011111101111011110
1101001110111111111111110111
1010111100101101011010100001
1101001101110010011000000011
1011100100110011001111001011
1100101111100100101000011110
1011100100110011001111011111
1100111000110011111110101011
1011100100110011001111001000
0101000001001001000000010100
1101001001011010000001001110
0101001111110011010000010111
1100111010100111100011010011
1011001001001110011011100111
0100010111000011110110001010
1101010000011111010100011000
1011100100110011001111111010
0101010011110010101100001011
1101001001110110111000010101
0011110101101111101111101101
1010111100101101011110011001
1101001001100000011000100100
1011100100110011001111000010
1010111100101101010100011001
0101111001001000111110110001
1101001011011001001110101011
1010111100101101110110010110
1101010111110100101100110001
1100111000110011111110101010
0101001111110011010000011101
0101000101010101101101010000
0110011100010011101001011000
1101010100111001000101010101
1101001110111001101100011001
0100011001101001010110111101
1100001101100011101001111001
1101001001110001111011001011
1101001001110110100101100010
0101001111110011010001001101
1011100100110011001111011001
1101010011101011000110011010
0000101010111101100101001000
1101001001110110111010100000
1101010011111000000101000010
1100101110111101100010111100
1000011010100111101000000011
0111110111111011110110110110
0101001111110011010000010110
1011100100110011001111111100
1101001001011111000101100001
0101001111110011010000111101
0100111001101011000110100000
0001101111111111010000101000
1101001001011010010000110111
0101001111110011010000101110
0111110111111011110111100000
0111110011111000101001010010
1101001001100011010010001111
1100001010010011110011110000
1101000001011110101011010100
0111110111111011110110000111
0011111110100101100010001100
1011010001010000000101100010
1100101110000011111101110110
1101100111000111010010101110
1100000100010111101101011111
1011010001010000000000000000
1101100111011100101110101010
1101001001100000011000100101
1101010100111001000101011110
0101001111110011010000101000
1101001111100101110010100000
0101000010110011100100110111
1100001101100011100100110100
0100001001110111110011010010
1101010100111001000101000110
1101001001101000110011100100
1100000101010100101100100000
1011100100110011001111101001
0101101111100011110100010001
1100001101000100101100000100
1101001001110110100101100001
1100001100011000001010000101
1101010001110000001101001111
0101000101010101001110100000
1011100100110011001111110100
0101001111110011010000101011
1100101100000000001000111101
1101001001100000010000010000
1100001100011000110111101001
1011010001010000111110001101
1011001001001110011010100110
0111110111111011110111010010
1100001111101110111010010001
1101010100111001011111111011
0111110111111011110111110100
0100000010111011101111001100
1100000010010110111100100000
1101001001100000011111011111
1101001001011111111111001011
1101001001011010011111110010
1011100100110011001111101011
1101010100111001011101100000
0101001111110011010000011001
0011110101101111101011110000
1101001110101000100000011100
0001101111111111010000110101
1000000001110011101111100110
0101001111110011010000001000
0111010101101110001111000101
1101001111111001010101100111
1100101101011100000111000111
0111110111111011110110110100
1100101000011110100100011001
1101001001100000010000010101
1100111110110110110010001100
1101010100111001000101000010
0101001111110011010001101111
0000101010111101100010011001
1100000000101010011010111100
0011000110001111110001100100
1000000100100011111010001111
1011110001000001111010000010
0011110101101100101011110011
1011100100110011001111011101
0101010011111101000110011111
0111010101101110001010111010
1001111010000100001010010101
1010111100101101010111101000
1100101000011110100100010001
1011100100110011001111000110
0101001111110011010000011000
1011100100110011001111100001
1101001111101001100000010111
1101001001100011011111110001
0101001111110011010000110011
1101001100111110110001101001
1100001001001010100000100000
1011100100110011001111110110
1011100100110011001111011110
1011100100110011001111101100
0111000001001101111100110011
1101110110010001010110110011
1101010100111001000101001000
1101001100110110111110010010
1101010000010010110010000010
1101001001011010100010100000
1101010001110000001100100100
1100001100100010001001010110
0111110111111011110110001110
1101001001100100100001001100
0111110111111011110111001011
1101001101110001101001010000
1101001001011111111111001010
1100001010010011100011011111
0101001111110011010000000010
1101001110111001101100011100
0101111101010111110000011111
1010111100101101110110100100
1101010100111001000101000101
0111110111111011110110011110
1100111000110011111110101100
0011100101000100000010101100
1100001000001011100111001011
1011001001001110011011100110
0101001111110011010001001000
1101010100111001011101110010
1101100101000111011011000100
1101001001011010011111110011
1010001110100100000100100000
1101001111011001100001010011
1011000111011101110000100100
1100001110101011011000011100
1100101000000010001110010110
0111110111111011110111100011
1101001001101000110001001110
1101001001101000110001001100
1011010001010000001100111110
0100011001101001010100011110
1101010100111001011101100011
1100101000000010001110011101
0101100110101111000101000111
0011111011101111111010010101
1100101110100110010010110011
1100000101110001001000001101
1101010010111101011110100111
1100100011000010011111111001
0001101111111111010000100101
1101001001011010011111110001
0011000110001111110001010110
0011000110001111110010000101
0101001111110011010000000110
0111110111111011001100100010
1101001001011010111001010000
1101111001101000010111000001
1101001001100100110111001110
1101010000100110011000001010
0101001111110011010000001011
1011100100110011001111010100
1101001100111001100010100000
0111011111001000010111111110
1100000100010011010111100001
1100111000110011111111000001
1101010100111001000101001100
0111110111111011110111000101
0111010101101110001010111111
0100110101101101100000100000
0100001010000010001111111100
0100010111000011110011011101
0011000110001111110011010001
0111110111111011110111111011
1101001110111000001100010110
1100001111010001000011101001
1011100100110011001111110001
0101001110101100011011111110
1100001111101111101110010001
1000000001110011101111100000
1011100100110011001111000001
1101010001110000001110000110
0111000001001101110101001110
1101001111011101111011010100
0000000111010001000010111111
1101001100100111010111110000
1100001001110111111001000011
1010111100101101110000100001
0101001111110011010001101110
0101001111110011010000110010
1101001001011010100010100111
1100001011010001100000011011
0011101010110100110000010011
1101001001011010001111100111
1100000110101001010001111111
0111110111111011110111000011
1010111100101101110010011001
0011110101101111100011100001
1101001001100011010010001101
1100000001111101111101111001
1100101110100110011000010010
1100101101011100000111001011
0011000111111111111111010010
0011110101101111101000011110
0101111010111010100111110100
0001101111111111010000100110
1100101110100110011000111010
0101001111110011010000111110
0101001111110011010000001111
0101001111110011010000111011
1100101001000100010010111010
1100001000001011100111001100
1101001001100000011000101000
1011100100110011001111001111
1101001010110011100001101100
1101001001110110111010100001
0011101010110100101111011110
1100111110110110110010001010
1100101111100100111111110011
1101111111111111110000000110
1101100100100001011000101001
1011100100110011001111011000
0101001010100110001001101000
1100001111101110111010010000
0101001111110011010000000100
0101001111110011010000111100
0101111001001000111111010111
1011100100110011001111101010
1101001100111001010100011100
0101001111110011010001100001
1101001001100100110111001111
1010111100101101010000101111
1101010111001000110100001001
1101001001100000011000100010
1011100100110011001111111001
0111001000011111110000001111
0100001010100101101110111111
1011100100110011001111110101
1010111100101101010010001100
0101001111110011010001101100
0111110111111011001100101111
1011100100110011001111111011
1010111100101101110100010000
1101110110010100011101110010
1101010100111001011111110011
1100101000000010001110010111
1101001110111001101100011000
1001011100001101111001001001
1100101110100110011000111001
1101010100111001011101100101
1101001001110110100101100000
0111110111111011110110110111
1010111100101101011000100100
0001101111111111010000110100
1011100100110011001111111111
1101001001011010100010100101
1100101111111010011111000000
0100010100101010011110010011
1001101110010000111111000010
1011100100110011001111001110
1101010100111001011111101011
1101001001100011010010001100
0001011110000000011111011111
1100000110101010011110000110
1100000100001000001011000000
1011100100110011001111001101
1101001110111001101100011011
0101000110010000111110101001
0111000001001101111100110101
0101001111110011010000100111
1100111000110011111110011110
1101010100111001000101000100
1100000000000101010110100001
0111011001010101011010010011
1011100100110011001111010000
1001011100001101101111001111
1101010001011010110010111101
0110110101010110000000100110
1010111100101101110100000111
1011100100110011001111101101
0101101111100110111110011111
1010111100101101010010001101
1100000000000101010110100111
0100110111101100011111100001
0011110101101111100011101100
1011100100110011001111001001
1011100100110011001111110010
1101001001011010011111110000
0111110111111011110111001000
1010111100101101010110110101
1100111000110011111110011100
0101001111110011010000010101
0011101100000000001011001111
1100000000000101010110100011
1010111100101101110001001101
1011010001010000000011000110
0111110111111011110111110110
1001110001000001000011101111
0101001111110011010000110101
1100101100000000001000111011
1100101101100010110101011101
0101001111110011010000001101
1010111111001010110100110000
1101010100111001010110010001
1100001110111011100100000010
1100101101011100000111000110
1100001000001011100111001101
1010111100101101011010100100
0011000110001111110001110100
0111000010101011101101001011
1101001100111001101101100110
1100101110100110010010110111
0101001111110011010001100011
0100010001000011001111100111
1100001000001011100111001010
0111001000011111110010010000
1100000101010100101100100001
0011100101001010101001100001
1101001101110001111111101110
0111000100010101111101011000
0101001111110011010001101101
1100111110110110110010000010
1100001000100000001100111111
1101001001100011010010001011
1100111000110011111110011111
1101010101111000010111100001
0111110111111011110110111111
0011000110001111110001010000
0101001111110011010000101100
0101001111110011010000110110
0011110101101100010100010001
1100111000110011111110101111
1100101110100110011000010110
1100101111100100111010001001
1001011100001101111001001101
1100101111110000100001111101
0111110111111011110110001100
1101000110001011100001100000
1101111001101000010111000110
0101000011111101100101000010
0101001111110011010000100101
1101001110111001100000110101
1011010001010000001100101110
1101001110101000010000111110
0111010101100110011000001100
0101000001001001000000010010
1100111000110011111110011011
1100000000000101010110100010
0100110111101100011111100010
1101010100111001011111110000
1101001001011111100011000101
0111010101101110001101101110
1101000001000000011010010000
1010111100101101010110111011
0111010101101110001110001101
1101010100111001000101000000
0011111110100101100010001101
0101001111110011010001101000
1101100101000100001100000000
1010111100101101011101111101
1100001111010001000011101111
1101100000001100010011100101
1100001001111000000011001111
1101010010001111111110010010
1100111000110011111110000110
0101001111110011010001101010
1101100000001100000010100100
1101010100111001011011101000
1101001001011010100010100011
1101111001101000010110111100
1100101000000010001110011100
1100111000110011111110001011
1101001001011111000000101000
1010111100101101010111110000
1101100000001100010011100100
0101001111110011010000100010
1011100100110011001111010010
1010111100101101010100011000
1100000101100100010111010000
0101001111110011010000110111
1101001001110001111011001010
0100001001110111110011010100
1101001001011010100010100100
0101001111110011010000001110
1100101111100100101000011010
1010110111110110010001111010
1100001101100011101011001011
1010110111110110010000101011
1101100011111110100110000101
1101001001011111111111001100
0101001111110011010001101001
1010111100101101010010111111
1100101110100110010010110100
0100000000000100010110100110
1101010110010000100000110000
1101001001011010100010010011
1100001111010001000011101100
0011110101101111101011110011
1100101001000100010001010011
0111010101100110011000001101
0101001111110011010000100011
1100001110111011100100000001
1011100100110011001111111000
1101010111111001101111100110
0101001111110011010000010010
1101101000110000010001011110
0101010111001101111111000001
1011010001010000001110111100
0101101111100011110100010000
1101101010010000000000110011
1100101111101010011001011110
1101100101110000100101011010
1101000001011110101011000110
0100010100101010011110011011
0111110111111011001100100110
0111000001001101110101000011
0011111011010101100000110100
0101001111110011010000110000
1101100111000100010010111000
0111000001001101111100111100
0100010100110000100101000110
1101010100111001011111100100
1100101000011110111101101111
1101001110111001101100011010
1011001001001110011111110110
1100000010010110111100100001
1010111100101101110000001110
1101001110111111111111110110
1100111000110011111110101001
0111110010001010000011110100
1101001111100101110010100011
1100011111001011101100000011
0101001111110011010000011100
1010111100101101011101100101
0101101111100011110100010010
1101001001101000010000010000
0111110111111011110110011011
1100001111010001000001111111
0101001111110011010000000101
1010111100101101011101111100
0101001111110011010000111001
0101101111010101101001100000
0101101111000110001110101110
1011100100110011001111011100
1101010001011010110011001001
1101001001100011010010001110
1101001001100100100001001101
1100001000101000111000000000
1101010001110000001011110100
1101100000001100000010000010
1101001111000011111010010000
1100111000110001110110010010
1011010001010000001110101110
1010111100101101011110010100
0101001111110011010000011110
0011111000000000001000110010
1101010100111001010100001001
1010111100101101010100000010
1011010001010000000001000000
0101001111110011010001100110
0011111001011101100110101000
1101111001101000010111000000
0011101010110100100100001001
0101001010100110000001111111
1100101000011110111101100010
0111110111111011110111110001
0111010101101110001111001100
0101001111110011010001100010
1011100100110011001111000100
0100010100010000100110000000
0111110111111011110111110111
1101010010100110011101010001
0111001000110100110100000000
0101001111110011010000100100
0111011001010101011010010010
1011001001001110011010100111
1011100100110011001111001010
0011110101010100101111110011
0101101111011111100110101111
1011100100110011001111110000
1011100100110011001111100111
0101001001100110100010001001
0011100101000101000011100111
0101001111110011010000101001
1101001001011010100010101000
1101010100111001000110111111
0101001111110011010000110001
1101001001011010111000110010
1011100100110011001111101110
1101001001100000011000100011
0101001111110011010000101010
0100000000000100010110101101
0101001111110011010000001001
0101001111110011010000010001
1101010100111001010110000011
1011100100110011001111100110
0100110101101101100011010011
1101010001110110111000001100
1101010100111001000101010110
1101010100111001011111101010
0111110111111011110111111110
1011010001010000111110001100
0101001111110011010001001100
1010111100101101011101111000
1100001101100011111111000111
1101001001011111111111001001
0101000110010001001000100110
1101001001011010011111110100
0101001111110011010000011010
1101001001011010111001010001
1100001100101110101100000110
1100101111110000100011011100
1100001001011010110001111101
1100001110101011101011101010
1011100100110011001111000011
0011000110001111110001000000
1010111100101101110011010011
0101000101010101111000000101
1000110010101000100000001110
0100101011011001000000010110
0111110000000000101001101101
1100111000110011111110000111
1100110000111011100100001101
0011000110001111110000011010
0111000010101100001000111111
1101000111000101000111011000
1011100100110011001111110011
0111110000000000001001101101
1011100100110011001111010001
1101010100111001011101111010
1011010001010000001100001110
0101010111001101111111001100
0111010101101110001010111101
0101001111110011010000000011
0100001001000110001100111010
0101001111110011010000010011
1101110110000101110100010110
1100111000110001011010110011
0011101010110100100110111111
1101001100110011000110111101
1100111000110011111110001010
0101001111110011010001101011
1101100100100001101010110001
