25 1523
1011111011011101100000101
1101000110000001010110100
1101110001000001101100001
0111110110000100000000011
0111100110101000000101011
1101100010101000101110110
0110010111101011110010001
1011001010011100010111000
1100101111111001000011111
0111110000101000001100100
1100011000100000101000110
1100111000110011111110111
1100101100010101101101000
0111110000000010001011010
0101100001010010110011000
0011101010110100101110010
1101010100100001100010100
1010111100101101011010101
1101001001101000110010011
0011111101000110100110110
0111110000000000011110011
1100001100101111111001111
1100100111101010100101111
0111110100111100001100000
1100001000111000000001001
1100001100111100010110100
1011011101100011010000011
0101100001010010110110000
1100100101110101110000100
0111110111111011100101100
1101010000000011001000100
1101010000010000011011101
0101100001010010110110100
0101100001010010110011100
1100001000001110110011010
0101100001010010110101010
1101001011001100000011000
1001011100001001100111100
1101001001011010011011101
1101110001000001110000011
0000010101111011000000001
1100101111110010000000111
1001110001000001000101100
1100001000110111000000010
0011110100100011111011000
0101101111000110111000010
1100101100001000011010111
1101111100111110101010101
1101001001011111011100111
1101001001100011100110100
1100100110010011011011110
1010010001001101001111101
0111001001101100000111010
1101000000000000000000010
0011111001010110011101011
1010100110011001100001000
1001101001001000000011000
0010111101001001001111010
0111110100111100000001000
0111010001111111000110000
1101001010110010000111100
1100110110100100000100101
1100100000100011000000100
0011101100001100111011110
0111110111111011011011111
1101110001001000000110001
0101000100010100010010001
0111110000000000101011111
1100100111101010010111011
1101001111111011111110001
0111110110000000010000001
0101111110001100010100011
1101001100100010111000101
1101001111101100010001111
1100000110001111111110010
1101001001101000100011110
1100111010000100111111010
1101001011001100010101011
1101001001011111011011110
0111110111111011101000010
0111110111111011011000101
1011111011011000011010110
1101001100100110100000111
1101010000000011001010100
1011101001000000010011110
0111110000000010001011011
1100000010111110010000100
1100001000110111000000011
1000110100001000101001000
0101100001010010110100011
0111001001101100000111000
1101111001111010010001001
1101001001100000001111011
1101001100111001001101100
0001011101101100100110111
1011111011011101110100101
0111110000000000100011000
0111110111111011011010101
0100010110101001110001111
0001011100011011110001111
1101010000011001010011001
1011111011011101111011010
1100101100000011010011000
0011110111111011110110100
1100101100100000000100101
1011100100110101010000110
1100001000111000000001000
1101000001110011100011101
1100111000110011111111010
1100101000011001010101000
0011110101010011111101111
1101100010101100100000111
0100110010100101110111111
0101100001010010110011111
1101001111111100111110100
1011111011011000000011111
0111110110000100000000000
1100011111110010110100011
1101001010110010010101110
0101101111100100100101110
1101001100101111110101101
1011010111000111110111111
1101111100111110101100110
0111110111111011011100010
1100000001000111101011011
1101111100100001100110011
1011111011011100101010100
0110110111110101110100000
0011110101101100101010100
1100001010011001100110011
1101111100111110110010100
1011101000011000111111110
1100101111111001000011101
0011100101001100000101000
1100101111111110011000111
1101001001011101001110000
1100101100010111010011001
1101001001101000000000010
0111110010001001010010101
1011101101011111001011101
0001011100011011110010101
1100011001101111101101010
1011111011011100101010110
0011110100100011111011001
1101001001011111001000111
1101111001110101000001010
1101001001100000000011011
1101001001011111110010000
0111011111000101000111000
1001001001010010011000001
1100100000100011000000101
0001011101101110100000000
1101100011011101111000000
0100000011010011000000110
1011111000001110111011111
1100000010111100001100111
1101001100110111111101100
1100100000000111101100111
1011001010010111101010110
0100000001001100100101100
1101001001011111110110001
0101111110001100010100010
1100101111101000101101000
0101101111011100110100110
0111110000000000100000010
0011110101001001011001000
0111110000000000010100110
1101001001101000011010110
1101110001000110001011100
1100100000000111101100000
1101111100111110101010010
1101111100111110101011111
1101000010001100111110001
1101001001011111111010011
1100101111101000101000011
1011110101111101010011101
1101111100111110101011101
1010010001001101001111010
1101110001010011011111011
1010000111000011100011111
0011111001001101001101010
1101100001100010010010110
0111001001101100000111100
1101001100111101000011010
1100001111001000110001100
1101000010001100111110000
0111110111110110011010101
1100111010100111110111110
0011101010110100101000001
0011100111111010111100110
1100101111110010000000100
0011101010010001000011101
0011110101101100101010111
0101010100100110111101101
0111110111111011101101101
1100101100011001101000111
1011111011011101100000010
1101111100111110101011100
0001011100011011011110000
1001110001000001000011011
1101111100111110101000111
1011111011011101100000011
1100001001101110100000010
1101000000110001101011101
0111110100111100001110110
1100001010011001101110110
1101000000110001011110110
0011101010110100010000110
1101001111111001011101101
1101001010110011101100010
0111100101000011101011101
0100000010111111111110110
1001001001010010101110110
1101111100100001101000110
1101010100111001010110101
1101001001100011101111010
1100001100101011010001101
0100000100110011011110101
1100100000100011011101001
1100000011110100110101000
0011101010001111011110100
1101001001100111011100110
1001110001000001000011010
0111001001101100000111110
1100101111100010110000000
1101001001100000000111111
1100000011101010000001011
1011101001000000010000111
0100000100110011110000100
0111110010001010000010001
1100000110010110001100010
1101001100101101000111101
1100110110111001110101001
0101100001010010110000100
1101111100111110110100000
1101001101110110110011110
1100011101001100000011000
0101101111010001010101010
1100100111101010001110010
1101101010011111010000010
0011101010110100111000111
1101001001110101110000110
1101111100111110110010111
1011111011010011100000011
1101001111110001010001010
0101100001010010110101000
0011110101101100010100111
0111110000000000010101001
1011111011011100101010000
1100110110111001110101000
1101001001111100000000100
1100101001011101100110110
1101001001011111101101100
1101110001111001100000111
0011100111111010111100111
1011000110011111101101011
0101100001010010110010100
1100101100010101001111111
1101001111111100011010000
1101001111111011111110000
0100010111000011110011000
1100000000000101010110101
1100101111110010000000101
0001011100011011110011111
1101111100111110111011101
1011111101100001000100110
1011010001011100111110010
1100101100110111101110101
1010111100101101011100001
1101001010011011100000011
0111110000000000010101111
1100100000100011011100000
1001100001100011110001010
1101111100100001101000001
1101001001011010010110100
1100100000010101111000111
1101001100101110010110111
1001011111101101110110100
0100000010111000100001000
1100100110010111010010111
1100001000111000000000001
1100000100110011100000001
0111110000000000010011011
1101001111110010011001110
0011101001001000110101000
1100101001000100010011100
1011111011011101110100011
1011111011011100101010010
0011101010110100101001100
1100111010100101101001001
1101110001000111110111000
1101001001011100110110110
1101111001101110101101100
0110010111101011110001100
1011101001110001000011000
1101001111000000101001110
1011100100100110110110001
1101001101110010101001111
1011001010010110011011000
1100001000100010001110000
0101100001010010110100000
1101111100111110110101100
1100101111101100010100001
0011101010110100101000000
1100111111000000011111011
0111001100011110000010110
1100100000110111000101000
1101001110111000110001101
0101100001010010110101001
0001111110111010101010000
0101100001010010110100110
1101001001011111010010010
1100111010000100011000010
1100000011110100110101001
1011010101110110101100011
1101001001100000000111110
1001100001100011001011100
0111110111111011101001011
1101100110011001101000111
1010010111111110100111100
1101111100100001101000101
1101001001100111010010000
1010101100011001110000011
1100111010000100010110011
0100110101101101101100000
1100100010111010110111111
1101001111111100100011010
0010100110000000110101111
1100101111101000101101001
1101001001100001001110111
1100000101101000100010010
1100001111111010001010010
1101100110011100101101111
1011111011011000101101001
0100000110101010001001110
1101100110011100110010001
1101001001100010111000000
1100101110100110011000110
0100000011010000101100111
1101101010010011100101011
1100011111110010110100010
0111110111111011011010010
1101001111111111011110110
1001100001100011011010000
0011001001110110111111000
0011100101001110000010110
1101010000000011001001100
1100101111101010011001010
0001011100011011110010100
1100101111101000101101010
0000010100101100010010000
1101010000000011001111010
1011010001010000000101110
1101000110000001010110101
1100101111101000101101011
0101111010111010100011110
1100101100001011000001000
1101001111111001011101100
1010001001100001000010010
0110010111101011110000111
0011101010110100100101011
1011100100000101100011111
0111110000000000011101111
1101010100100001100010101
1101001001011010100000111
0001011100011011110001110
0111110000000000101001011
1101001001101000111100110
1011101000000000100001101
1101110001010001010111111
0101100001010010110000000
1100100111101010100011001
1101001001011010011001100
1101100110011100101101110
1011100100100110110110000
0111110111111011110000001
1101001101110010111111010
1101001001011010011100111
1100000111110000100110110
0111011010000010010000010
1011110101111101001110111
1011110101111101110000101
0111110000000000100101110
1101111100111110101100000
0101010111101000111111111
0101001110101100010110101
1100100110010111101101010
1101010000000011001000111
0111001110100101101101001
1100101111101100010100000
1100101111100101001010100
0111110000000000011100101
1101001001011010011010110
1100001000111000000000111
0111110100111100001011100
1100001111100001001011101
0110010111101011110001001
1100001010111110000101010
1101001110111001111100011
1100000110010110001100011
1001111111000110111011100
0101111010000111111011001
1101110110010101110101101
0101100001010010110011110
0111100100111011000000111
0111110000000000011011110
1011111011011000011010010
0111110111111011101010101
1101010000000011001110100
0101101111101110000101100
1100000011101010000001010
1101010000000011001010010
0100000011010110001100001
1101001001011010110110001
1100100000111101001110100
0110010111101011110010000
1011111011011000110010110
1100101100111101000100001
1101000001000001010111100
1001110001000001000101010
1101001111110100110110010
1101001001101000111110111
1011111011011101010100000
0011101010110100101001101
1000110010101000100000100
0111110111111011011010011
1101111001101010111010011
1100001111001000110001101
1101001001110001000101001
1101001001011010100110101
1101001111100100101001111
0111110111111011110000010
1101111100111110101010100
1101001001101111011000011
0011110101001001001111001
0010100110110101110010101
0111110000000000100100100
1100101100010100110001001
1011101100111011000001001
1100101111100100101101001
0111110000000000011011010
0011101010110100000111110
1100100000010101111010001
0100000001001010111001001
1100001001101110100000011
0101100001010010110000101
0111011000101101000101010
1101001001011010000001010
1101010000000011001110101
0101100001010010110001000
1101001100100010010110111
0100101001111010000110001
0111110111111011101000100
1100000110010101000000010
1101010000000011001100110
1100100010111010111011100
0111100110000111100100111
1101001001011010000101000
1011101001000000010100011
1101001001011010010111010
0111110000000000100001000
1101001001011111000000011
0111110100111100001100001
1011110101111101010011100
1101010000000011001011110
1101001101110010010000011
1101001001011101100000100
1101010000000011001001101
0011101010111000011000011
0100000101111011110010101
1101111001111010011100110
1101001001011111001010001
0011100101000101000011100
0111110110000000010000111
1101111100111110101100101
1101001010110011100000110
1101001001100011010100011
1101001010110010010101111
1100111000110011111111011
1101001001011011111001100
0111110000000001100001010
1101001011001111011001100
1101001001100000001010000
1100001111100001001011110
1101110001000001000010010
1100111001101000100101011
1100000111111110000101111
0101111110000001100011000
1011110101111101010010100
0100001010010111100111001
1101110110000101100010101
1100000111110000000111111
1011101010011011111011100
1100000001000110110111100
0011110111111011011000101
0011110101101100101010101
1011010001011100111111011
1100101111111001000011001
1011111011011000100011110
0010011001110000011110101
0111110000000000011000110
0111110110000100000000001
0010011001100011101011110
1101001010110010001000110
1101001100110101001110000
1101001001100000011110010
1011111011011101110100100
0111110111111011001100011
1100000010111101101000001
1001100001100011111101010
1011111011011101100001100
1101001001011100110110100
0011100101000101001001010
1101001001011010011110001
0101111100011111111100110
0111110111111011110001010
1100100010111010111101010
1101001011001100011000111
1100101111100010110010011
1011110101111101101101100
1101001001101110001100001
1011101010111110101000010
1101001101110010000101101
1100100111101010100101101
0111110010001001010010100
0110111101011011111010101
1011111011011000101101000
0101110011110000000011110
1101111100111110110011000
0110011100100111011100010
1100111000001100000110010
1101001100110111000010011
1100101111111001000011100
1101001001011010000100010
0111100110000111100101001
0011101100000010011001111
1011110101111101110100110
0100110010100101110010100
1100001010111010001111100
1011010001010000000011001
1001100001100011010100000
1101111100111110110100011
1101000000000000000000011
1011111011011101111011001
1100111110100010010101111
1100101111111001000011011
0111110000000000010110000
1011111011011101010100010
1011110101111101110011010
1101001001011111111100001
0011101010010001000110000
1101111001101010111010010
0101110101010001111101101
1101001001011111101011110
0111110000000000011110110
0011111010010100011000101
1100101111101000101110100
1100111010000100011000011
1100101111111001000011010
1100101100010101001111110
1100000100010000111100110
1100000111110000100000010
1001011100001100001101101
1100101111111001001001100
1101001111011100100010100
0101100001010010110110011
0001101101100110110000001
0100000011010001010110101
1101001001011010010000100
1100111011111000111101010
1101001001011010010100111
1011000100001010100110001
0011110101001110001001011
1101000000110001110100110
1011101011101000111101100
1100110001100110111001001
1101001001100011011001111
1011100100100110110110011
0111110000000000011010100
1100100010111100101000001
1101001111111011111110010
0111100111111110111011000
1100101100001011000000000
0101100001010010110010111
1101001111111101110110110
1101111100111110101011110
1101001001110010111011111
1100001000111000000000110
1100001101011111100111010
1101001011001111011001101
1011010001010000000101101
0100101001111010000110000
1100101100000001110100000
0001101101100101110100100
1011000101000011111110011
1101001001011111100110000
0111000001101010000100000
0111100110000010011111000
0101100001010010110001001
1101001001011111100000110
1101010111111001101111111
1100001001000111011011100
1100101111100010110010000
0101101111010100011101100
1100101010011110111100011
1101001001110111100010000
1101001011001100100110011
0111110111111011011001010
0011101010110100000110011
1011000101111101011001000
0011110111111011111110000
1100100000100011011100001
1101101010010000000110100
1011010001010000000100100
1011110001011110001101110
1000110010101000100000110
0000010110000101101111010
1101111100111110101101000
1100101100110111101110100
1001100001100011010011100
1010111111001000000011001
1101010000000011001000110
1100111110100000100000001
1101001111101100011000111
1000110001101110000010001
1011110101111101010010001
0101010111001101011011010
1011110101111101110000010
0111110000000000011000000
1100010000011111111010000
0101110011110000000011111
1100101111111111001001000
1101000001000001010111000
1101001001100101011011100
1100100001010101010110101
0011110111111011110111011
0111001100010111111110001
1101001111111100110110110
0111011000101111010010101
1100101001011101100110111
1010010001001101001111100
0100000010111111111110101
1100001111101110111010011
0001011101101110100000001
0111100101000011101011110
1101110001010001010111000
0101101111100100100101000
0111110000000000011010011
1101001001011010101010100
0101001110101100011011110
1011101001000000010101001
1011101001000000010010111
1101010000000011001100100
1100001000111000000010000
1011010101110110100111101
0101100001010010110110110
1100100000100011011110100
0001011110000000011111010
0111110000000000011111000
0111010101101110001101001
1100101101100101010101110
0111110111111011100100100
0111110110000100000000010
0100110111101100011111110
1101001111111100011010001
0111110111111011101011100
1101001100101110011000010
0111110011011001110100110
1100100001010001111001001
1100111011111000111101011
0101100110110011010001100
1000110001101110011110110
0111011000100101001110000
1100101111111001000010111
1100101000101100011001011
1101001001111011111001010
1101001111101100010010000
0010100111010001110001011
0111001110100101101100000
1100100000110001000011000
1101001010110010011001100
0111100101000011101011100
1100001010111110000101011
0111110000000000010011100
1001110001000001000101101
1100100111101010110001100
0111110100111100000001100
1011101001000000010110001
0111110110000100000000110
1100000111110000000110011
1101101111111111110000110
1001100001100011111011100
0011110101101100101010110
1001110001000001000101001
0111001110100101101101000
1001110001000001000011001
0111110010001010000001011
1101111100111110101000101
1100001001000111011011101
0100000001011110100011101
1101111100111110101100100
1101001100111001001111000
0100000011010110011011011
1100001111100001001011111
1011100100100110110110101
1101001001100001001011110
1101111100111110110011001
1101001110101111000110001
1011010001010000000000011
0111110110000101100110111
1101010000000011001110110
1001011100001001100100001
0110010111101011110001111
1101001111111100110001101
1101001100101110001001010
1101001001100000011010100
1100101111111001000100000
1101001001101000010011001
1101001111000101000010110
0111110000000000010111110
1101010001110000001001100
1100110010110100010010000
1101001111101100010000011
1100001111110101111010101
1011101000000000100001010
1011000100001010100110000
1100101111111001000011110
0101000011101001111110110
1101001111111101011010111
1101001111101100011000001
0100000011010011001010001
0011100111111010111001010
0101100100010001101000101
1101101000100110100100000
1001110001000001000011000
1101001100110111000010010
1101001110111000010001011
0101101111000110010010001
0011111001001101001011111
0001011100011011011110001
1101001001100111011100111
1011000100110100101011000
1101001111111111011111011
1101001001111001101010010
0111000100011101111100111
0001100011100101010111110
1011111011011000101111111
0111010101101110001100110
1011111011011101111011101
1100100010111010011001111
0110010111101011110010010
1101001001011111010110011
1100001001110101001100101
1101010011100111110011110
1101001101110001101111000
1101001001011010111100011
1100000111000000100100000
0111000001101010000111111
1100100000111101001110101
1101100010010111101101100
1101001001011111110110100
1100001111101010000011110
1001011111101101110010011
1100011101001100000011011
1100101100010110110010111
0101101111101001010100010
1100100000111101001000011
1101111100100001100111011
0011110101101100100101100
0111110000000000100101011
1100100111101010011001000
1100101111111001000010110
1001011100000101101111100
1011011101011010010011000
1100111110001010111110110
0111110110000100101100010
1101001101110010111111011
1101001111100100111111111
0100000010111000100100000
1011101001110001000011001
1001111110010100010010111
1011101000101110011100001
0011110111111011111111101
1101010000000011001001010
1101001100100111011110110
0011110101101100100110011
1101001001011010010010111
0100000011010011110110111
0011110101101100001010101
1011100101000000111100111
0100110111101100011111101
1101001101110010111111001
0101100110111100000001010
1101001100100010010001010
0111110111111011101000111
1100001111111010001010011
1100000111110000011101000
1011111011011101111011100
1011111011011101111011110
1010010111111110100111111
1001100001100011110001110
1100101111111001001001101
1100100000101001001010110
1001110001000001000110000
0100010101001010101100000
0001011100011011110011110
0101100001010010110011101
1101001100101110011111001
1101111100100001101100100
0001011110000000000110010
1101111100111110101010011
1000001010011100011010100
1011101010011110111100101
1100101100010100110001011
1101001100111001101001011
1100001000010011111001101
1001011100000101110101100
1100100000100011011100010
0111110111111011100101001
1101001001011010011001101
1100111000110001011010111
1100101100010101101101001
0101101111101011101101110
1001100001100011111011101
0101010111001101011110101
1100000011110101111110100
0011001001110110111010001
1100110001001010000111011
1101010000000011001001111
0011101010110100101000010
1011001010010111111100010
0011110101101010101111100
1100001001100011011011110
1100001100011000110100011
0111110111111011101100011
1100001110100110001110111
0011110111111011110010100
1100001001100110000011100
1101001111101100011010110
0111001001101100000111011
0011100101010000000110000
0110011100100111011100011
0111110111111011100011110
1101111100100001101000111
1101001010110010100010100
0100110010100101110100111
1101001111111101011011111
1101001001011011100111011
0110010111101011110001000
1011010101110110100100100
1101001011001100011111110
0011101010010111001010001
1100100010111010100100011
1011000101000011111110010
1010010001001101101101011
0000101010111101100110111
1101010000000011001101000
0101101111101001101101111
1101001101110111101011101
1011111011011000011010111
1010111100101101011000101
0101100001010010110010011
1100000100010000111100111
1011110101111101010001111
1101001001011010110100101
1101001001111111111101111
1101010000000011001100111
0101010111001101011011100
1011111011011101010100011
0011101010110100101001000
1101111100111110110010101
1001110001000001000101111
0111110000000000101010001
1101001001110000011001000
1100001111001100010011101
1100100000110111000110000
1100101111111001000011000
1100100000010111001000100
1100101111111001000100001
1101001101110010000101100
0101101111011111100011001
1100100010111010111101011
0111110000000000001111010
0101101111010101101001100
0011100101000101000111011
1011101001000000010010110
0011110101001001011001001
1101001001011111100011001
1010111111001000000011000
0111100110101011111000000
0111110111111011100100111
1101001001101011001110111
1011111011011101100001101
1101001110111000010010010
1101111100111110101000110
0111110111111011101011000
1001110001000001000101110
1101111100111110101010000
1101010000000011001001011
0100110101101101100001011
1011101011101001100011010
1100100000111101001000010
1001010011011111001011100
1100110011110101101111100
1101111001101100001101110
0101101111010001011010101
1100001010011001101110111
0111001010001101001111100
0111110110000100000000111
1100011010101001101111000
1101111100111110111011100
1100101100001110110011011
1101001001011100110110101
1101100101000011000111001
0011111001001101001000000
1101001001110101110001111
1100100001010101010110010
0000010101111011000000000
0011110101001010000001011
0101010101011110000000010
1101001001110111100010001
0111000010100100011110001
1100101111111110011110000
1101001001011010000101001
1100100111101010000111011
1101001111111101110110111
0111110111111011011000110
1010111111001000000010111
1001111110011000111111111
1100001000111000000011010
0101100100011100001000110
1100101101100101010101111
1100101100001000011010110
0101100001010010110011001
1100101000001110010111101
1101001100100111010001110
0011111001001101001101100
0111100110001010100110011
0111110111111011100011011
1100100000100011011100011
1101001001100001000100100
1011111011011000100100101
0101111010000111111011000
1100000000011001000101011
0100000011010101011010110
0111010101101110001110010
0111110111111011001100010
1101111100100001101100101
0101000110010000010111110
0101100000110010111111111
1101100110101010000101100
1101001111000111000110010
1101111100111110101111100
1101100001100010010111001
0101100001010010110011011
0111110000000000011011101
1101001001100000011110011
1101001001011010100000011
1101001001011111110101101
1101001001011010111000000
1101001001100011010100010
1101001001011111100110001
0111110000000000010111101
0111000001101010000101010
1101001001100001000000110
1011111011011100101010001
0011101010010001001010001
1011101000011000111111111
1101001111111111011110111
1001110001000001000101000
1101010000000011001011100
1100100001001000010011011
0110011100000110001111110
1011101010011110111100100
1101111100111110101111001
1101001100111001001000101
1100000100101001111000111
1100100000110111001010111
1100001100110110101101001
1101111100111110110100001
1100101100111101111111111
1101111001111010111110001
0101100001010010110001010
0111110100111100000101010
0100000010111111111111110
1100001000111000000000000
1011110101111101010001110
1100001011110111100011101
0111110000000000011110000
1011101100010011010011110
1101001001110001110010110
0111100110000111100101000
0011101100001100111011101
1101001001011010100000010
1100111110001000101100010
1101001011011000111001000
1100001101000100101010100
1101001100110110000000100
0111110111111011101111000
1011111011011101100000100
1101110001011010011000000
0111011000100101001110001
1100000100010001000011001
1101111100111110110010110
0111100110101101110111010
1101001111101100011010010
0111110000000000100101010
1100111111000011011100100
1101001101110010110101100
1100000000100100100010100
1100111001110101111100000
1100000000100100101010111
1001001001010010000100011
1101010111111001011000000
1011101001000000010100110
0011110111111001111011001
1011101001000000010011011
1101001001100011110111100
1100001001100011011011111
0011111001001101001001111
1101101000110101001101100
1100001000001011000101111
0101100001010010110110001
1100111011010100111101111
1100110000000010111100101
1101100110011100110001001
1100111110001000101100011
0011110101101100101011000
1100100111101010010111010
1101001111111100100111110
1101001100111001011100010
0111110000000000011100010
0011110101010100011100001
1101001001100001011111100
1101001101110010111111000
1100110001100110111001000
1011111011011101110100001
0111110100111100001011101
0111110000000000011010101
1101111001110110000001011
0100000010111111111110001
1100101111111000010000110
0111110000000000011100000
0100000011010110010011101
1101001111111100011010101
0111000100011101001001001
0100111001010011111000000
1100101111100010110010010
1100100011100000111100100
0011101010010001000010100
1101111100111110110101000
0111100101000011101011111
0111110111111011101111001
1100100010111010111100101
1101110110100000101100110
0101100001010010110000110
0011101010010001000100110
1101001001011110001010110
1011111011011101000111010
0111110111111011100001110
0011111001100101001001110
1100000111110000001101101
1101000000110001100101111
0111110111111011100111000
1101001111110001010001011
0111110111111011011010001
0111110000000000011110010
0101001010100110110010011
1010111110011111110001000
1101101010010110001111111
1101001001100000000010110
0011111001001101001101110
1100100001010101010110011
0111110000000000001111111
0101101110001110100000000
1100101100000011100010011
1101001100101110010110010
0011110100101000000011111
1100100000100011011101100
1101001100100010100011100
1101001001100100101010010
1011100100100110110110100
0011110111111011111111100
0111000110111111000010000
1100101111110010000000110
1101001010110011001010001
1100101111100010110010001
1101111001110110000001010
1101111100111110101111101
0111110000000010011100000
0111110000000000010100100
1100101111100111101010100
1011111011011000101010001
1101101010011011001000100
1100011000010001110001000
1101001001011111000101001
1101111100111110101000100
0011111010010100011001001
1101001111111111011111010
0011111001001100100001100
1101001010110111101110100
1101111100111110101101011
0111110000000000010000101
1011111011011101100001110
1101111100111110110100010
0101101111100101100011011
0101101111100100100101001
0011110101101111100110111
1000010101011100000111010
0111110111111011100100110
0011101001001000110101001
1101001100111001111000010
1001100001100011010011010
0101101111001000001111100
1100000001110101100101011
1100101111101000101000010
0101100001010010110101111
1101110001110101110100000
1100100001010001111001000
0011101100010010100000000
0001011101101100100110110
0011110101100110110101111
0110011100010011101001010
0111110111111011101100101
1101001101110010010101111
0111110110000100000000100
1101001111000011111010011
1011111011011000110010111
0011110101010011111101110
1000110010101000100000101
1100101100010100110001100
0111110111110000000011011
0111110111111011100011001
1001100001100011110000011
0111100110011101100100111
0101100001010010110101110
1100100001001000010011010
1011110101111101010110110
1101001001110000011001001
0111110000000000010100101
1101001100101110010110011
0000111010000001111000000
0111110000000000101010000
1001011111101101110111110
1101001101110010000101010
1101001001011010111101101
0111110000000000010110110
1101001011001100001101001
1100101011111001000110100
0101101111100101100011010
1101001010110011100111110
1100100101011110101000000
0101101111011111000110010
0111110000000000011011011
1011100100000101100011110
1010010000110101110000010
1101001001111111110001001
1011111011011101100000110
1100101001011111011010110
1100101100010100110001010
1100100111101010000101010
0011001001110110111111001
1100001100011000110111111
1100001000001011000101110
1101001010110010000111101
1011110101111101101111011
1100001000111000000010001
0111110000000000010101011
0111001001101100000111001
1101001001011111001010100
1101111100111110101100111
1101001001011010110000100
0111110000000000011001010
1101001111101100011100010
1101001001110101110000111
1011110101111101010010101
1101101000100110100100001
0101100110111100000001011
1101001001011100001101110
1100000101101000010000101
1100000010010110111100101
0100000011010011000110111
0111110111111011100110101
1011110101111101001110110
1101111100111110110101001
1100101110100110011000011
1100110000000010100101001
1101110010010101110100010
1101001111111111011111001
0111110110000100000000101
0011101010010111100010011
1011001010010111101011111
1101001100100110100000110
0111001001101100000111111
1101001001100000000010011
1101001101101111010010011
1101010101011000000000110
1011111000001111000100010
0111110000000000010010011
0101100001010010110011010
1011001100000000000101000
1011111011011101110100010
1101001001100001000010010
1101001011001100001110101
0111110100111100001000111
1100100000100000010110000
0110111001011101000111000
1011110101111101101111010
1101001100100001111010010
1101110001000001101111101
1100111000110011111110010
0111110000000000011101010
1100000100100010110000010
1011111011011101101110110
1100000111101010110011111
1100100000101001000110110
0011100101001110000010010
0011111001001101001101111
0111110000000000011100100
1100101111100101000110110
1101001001011010010111100
1100101100010100110001101
0111011000101111010010100
0111100101000011110110111
1100000101101000010000100
0111110110001111101110000
1100000111110000100111001
1101111100100001101000000
1101001111000001000101010
1011001010011100010111001
1101001111101100011001011
0111010101101110001110011
1101111100111110101111000
1000110010011001100000010
1100000101000001010110101
0111110000000000010000100
0011101100001100111011100
0011111001001100100001101
1100101100011111000001110
1100001001011000000110001
0000010100101101111111100
1100100000001010000000001
1100000111110000000110001
1101001111111000001111010
1101001001100011010101000
1101110001010001010111110
1100100001010000110000010
1101110001111010110101100
1001110001000001000111101
1011111011011101110100111
1001110001000001000110001
1100001100110110101101000
1101001001011101100000101
1001110001000001000111100
1101001100111100000010101
1101111100111110101011001
1100101100000001110111111
1011110101111101110000110
1011110101111101110000011
1011101010111110101000000
0111110111111011101100010
1101101000110101001101101
1101000000011100001000111
1101111100100001100111010
1100011101001100010000001
1101101010010011100101010
0111110000000000100000111
1101001001011010001100000
1011101001000000010001010
1011001100000000000101001
1010010001001101001111011
1100101100000011010011001
1011001010010111101011110
1101001001011010010011101
1101001100100010011001001
0110010111101011110000110
1100101100010100110001000
0011101010010001001010110
0111110111111011011000011
0111110000000010001010011
1101001100101110010110101
0111110111111011100010000
1101001010110111101010000
0111110000000000101011101
1101111100111110101101001
0100001111011101011101111
1101001001011111111100010
0111110111111011100111100
1011111011011101100000111
1100000000011001000101010
0111110111111011101000000
0011100101001101100100100
1100111010100101100101000
1011001010010111111100011
1011111011011101111011000
1011111011011101010100001
1011110101111101101111111
1101010000000011001001110
0111110111111011011011000
0011100101001010110010000
1101110001010001010111001
0110011100010011110111001
0100000000100010100111100
1101001111111101100100101
1101010000000011001100101
1101110001000010000110000
1101001001100000001111100
1101001001011111010110010
1100111010000100111111011
1101100110011100110100010
1011110101111101110101011
0111110111111011101001101
1101101101101001001011001
1101110010010101110100011
1100100010111001000111100
1100100010111010100110001
1011101000000000100000011
1100001110110110001000011
1011000100110100101011001
1100100111101010111000001
1101001001011010000110011
1011110101111101110001011
0101101111011111000110011
1101001100100001100010000
1100101000000100101101011
1001111100001010110100101
1101010000000011001100000
1011010001010000001101100
0011111010101100101011011
0111110010001010011101110
1101001111101111000011010
1010010001001101101101010
1100100000000111101100011
1101001111110010000100111
1000001101011011101101111
1101001111111010100100100
1001001101001000111110000
1101001001110101110001110
0011110101101100110000101
1100101100001110110011010
0100010100011001001001111
1011001010010111101010111
1101001011001100111110110
1011101011101000111101101
1101001001011100110110111
1101001001100100111001101
1011110101111101100001010
0101100001010010110010110
1100101100010111010011000
0111110000000000100010110
0011110101101100110001110
0011110101100110110100001
1101001100101110010110100
0111001001101100000111101
0011101010110100101110100
0111110111111011011000111
1101001001101001101101011
1011111011011101100001111
1101100000011011011001111
1101001001100011010110001
1101010000000011001000010
1100100000010000010011110
1001011111101101110001001
1101001001111100000000101
1011001011111000011100001
1011000001111011001110011
1100101000001110010111100
1100000101001010110100001
1101001001011010110000010
1101000110000101011111010
1010011111001110011111011
1101001010110011100010111
1100000011110011000101100
1011111011011101110100000
1001100001100011010110011
1101110010010101110100000
1101111100111110110101010
1100101111101000101110101
1100000001101100010010001
0000010100101100010010010
1101110001001100011110010
0111001101011001011101111
1100001000001110110011011
1100100000101001001000011
1100100001010101010110111
1100101111100100100111001
0101111110101100010110010
1100101100001011000000010
1100000010111101101000000
1011110101111101100010101
0111110000000000010000001
1010010111111110111101010
1101001001110110110010100
1101010000000011001000011
1100000101101000100010011
1101001001100000011011101
1100001111100001001011100
1101110010010101101011001
1100110110100100000100100
1101001001110110110110110
1101111100111110101010001
1011110001011110001101111
1101001100100111011110111
1101001001011010001110010
1011010001011100111111111
1100111000001100000110011
0101101111010001010101011
1011110101111101100111100
0111110000000000100001001
0101000110010000010111111
0011110101101100000100001
0111110111111011100110011
0111110110000000010000000
1100000000011001000101101
1100000001110100111010001
1001100001100011010110010
1101111100100001100110010
1100011101001100000100011
1011101001000000010011111
1100101100010110110000110
1101001001011111000110000
1101001001011111101000001
1100101001000100010001011
1011111011010011100001011
1100111111011010000110101
0100000010111111111110000
1100001111110101111010100
1100101111101010011011110
0100010100011001111111000
1001100001100011010101111
0111110000000000011010111
1100001000111000000011011
1011111011011101100000001
1010100001111110011110010
1100101100010110110000111
1101000001010110011100001
1100000101010100101100101
0111110110000101100110110
1101111100100001101000100
1101110010010101110100001
1011111011011100101010011
0100111001101011010000110
0011110101101110010000010
1101001111111010011010010
1001011111101101110010100
1011101001000000010110010
1010111111001000000010110
0101000011101001111110111
1101001001011010111000001
1101010000000011001100001
0111110000000000010001000
1100100000011111000100110
1011000110011111101011100
0011101010010001000110011
1101111011100111001101111
0111110000000010011100100
1101111100111110110101011
1101000000110011110101110
1011001011111000011100000
1011101000101110011100000
0101100001010010110010101
1101110110000101001100010
1100000000000101101101000
1011111000000011010001100
1101001100111001011001101
1101111100111110101100001
1100011010101001101111010
0101100001010010110101011
1101001101110010101001110
0111100110001010100110010
0111110111111011100010001
1100100001010101010110000
1100111111000011011100110
0101100110111100000010010
1100100000001010000000000
1011110101111101110101001
0001101111111111010011011
1100001001011000000110000
0111110000000000100010011
1100011000100000101001010
0101101111100011110100011
1010111110011111110001001
1001110001000001000101011
1101000001110011100011111
1100100000001010000011110
0011110111110110101110100
0011101100001100111011111
0101101111011111100011000
1100100111101010111111001
0111110000000010011101001
1100101100000001110111110
0110010111101011110001101
1101100110011100110100011
1101001001100000001111001
0011111001001101001000001
1101111100111110101101010
1101001100101110010110110
0001111110111010101010001
1010010111111110000000010
0111110000000000010101101
1100000111110000100110100
0101101110001110100000001
1101001101110001110000010
0100011001101001010110001
1101001100110000101101110
1101001100101110111111011
0111110000000000011101001
1101001011011000111001001
0101101111010001011010100
1100101111100010110000001
1101001111101101011010111
1100101101011111000111010
1100111010111111101010100
0111110000000000001001100
0011101010111000010111000
1000010011111000110010110
1101101010010000000110101
1100101110100110011000001
1101001111111101101001101
0111110111111011101100001
1101001010110010100101000
1101010000000011001000101
1101111100111110101011000
